1	2	974
1	3	276
1	4	41
1	47	4
1	48	1
1	50	4
1	53	1
1	54	1
1	55	0
1	58	1
1	61	28
1	66	3
1	67	2
1	75	5
1	77	4
1	78	3
1	79	0
1	81	0
1	82	2
1	83	1
1	84	1
1	115	0
1	136	29
1	143	0
1	149	0
1	189	20
1	190	4
1	191	58
1	192	3
1	193	21
1	195	1
1	196	23
1	197	18
1	198	1
1	199	4
1	200	13
1	201	6
1	202	8
1	203	4
1	204	19
1	205	0
1	206	28
1	207	23
1	208	1
1	209	2
1	210	1
1	211	0
1	212	0
1	213	1
1	214	1
1	215	2
1	216	8
1	217	10
1	218	1
1	219	53
1	220	2
1	221	2
1	222	5
1	223	1
1	224	1
1	225	4
1	226	2
1	227	1
1	228	5
1	229	5
1	230	1
1	231	5
1	232	4
1	233	5
1	234	5
1	238	5
1	239	9
1	241	1
1	242	15
1	243	4
1	244	23
1	248	0
1	249	0
1	251	0
1	271	0
1	272	0
1	273	0
1	384	5
1	385	48
1	386	1
1	387	1
1	388	99
1	389	3
1	391	22
1	392	173
1	393	5
1	394	1
1	395	1
1	396	2
1	397	1
1	398	1
1	399	3
1	400	1
1	401	7
1	402	3
1	403	1
1	404	1
1	405	1
1	406	2
1	407	0
1	408	2
1	409	0
1	410	5
1	432	0
1	434	1
1	441	1
1	447	9
1	448	8
1	449	12
1	450	5
1	452	9
1	455	4
1	456	3
1	459	1
1	505	1
1	506	1
1	507	1
1	508	1
1	509	4
1	510	8
1	511	0
1	512	1
1	513	0
1	514	1
1	519	10
1	549	153
1	614	1
1	617	2
1	641	0
2	3	73
2	4	22
2	47	1
2	48	1
2	50	1
2	53	1
2	54	1
2	55	0
2	58	0
2	61	6
2	66	1
2	67	2
2	75	9
2	77	1
2	78	1
2	79	0
2	81	0
2	82	1
2	83	0
2	84	0
2	115	1
2	136	6
2	143	0
2	149	0
2	189	12
2	190	2
2	191	6
2	192	1
2	193	7
2	195	3
2	196	5
2	197	3
2	198	0
2	199	3
2	200	18
2	201	4
2	202	5
2	203	3
2	204	8
2	205	0
2	206	6
2	207	5
2	208	2
2	209	1
2	210	1
2	211	0
2	212	0
2	213	0
2	214	0
2	215	1
2	216	5
2	217	2
2	218	0
2	219	8
2	220	0
2	221	1
2	222	2
2	223	0
2	224	0
2	225	2
2	226	1
2	227	1
2	228	1
2	229	2
2	230	3
2	231	2
2	232	3
2	233	3
2	234	1
2	238	4
2	239	30
2	241	0
2	242	4
2	243	1
2	244	4
2	248	0
2	249	0
2	251	0
2	271	0
2	272	0
2	273	0
2	384	3
2	385	67
2	386	0
2	387	1
2	388	46
2	389	12
2	391	14
2	392	30
2	393	8
2	394	6
2	395	2
2	396	6
2	397	1
2	398	1
2	399	3
2	400	1
2	401	2
2	402	4
2	403	0
2	404	1
2	405	1
2	406	1
2	407	0
2	408	1
2	409	0
2	410	5
2	432	1
2	434	0
2	441	1
2	447	1
2	448	5
2	449	5
2	450	2
2	452	2
2	455	7
2	456	1
2	459	3
2	505	0
2	506	1
2	507	0
2	508	0
2	509	0
2	510	2
2	511	1
2	512	1
2	513	0
2	514	1
2	519	13
2	549	22
2	614	1
2	617	1
2	641	0
3	4	317
3	47	2
3	48	2
3	50	4
3	53	2
3	54	3
3	55	1
3	58	1
3	61	105
3	66	9
3	67	1
3	75	3
3	77	2
3	78	4
3	79	1
3	81	0
3	82	3
3	83	0
3	84	0
3	115	0
3	136	70
3	143	0
3	149	0
3	189	45
3	190	2
3	191	26
3	192	6
3	193	26
3	195	3
3	196	107
3	197	91
3	198	0
3	199	9
3	200	36
3	201	3
3	202	4
3	203	4
3	204	16
3	205	0
3	206	23
3	207	205
3	208	1
3	209	3
3	210	3
3	211	1
3	212	1
3	213	1
3	214	2
3	215	1
3	216	2
3	217	22
3	218	1
3	219	117
3	220	2
3	221	6
3	222	18
3	223	6
3	224	5
3	225	5
3	226	2
3	227	2
3	228	6
3	229	2
3	230	1
3	231	2
3	232	3
3	233	4
3	234	1
3	238	10
3	239	32
3	241	2
3	242	12
3	243	3
3	244	35
3	248	0
3	249	0
3	251	1
3	271	0
3	273	0
3	384	2
3	385	15
3	386	1
3	387	1
3	388	54
3	389	5
3	390	0
3	391	3
3	392	55
3	393	2
3	394	0
3	395	0
3	396	1
3	397	1
3	398	1
3	399	2
3	400	1
3	401	3
3	402	5
3	403	1
3	404	2
3	405	1
3	406	3
3	407	1
3	408	3
3	409	2
3	410	2
3	432	1
3	434	1
3	441	1
3	447	5
3	448	12
3	449	60
3	450	9
3	452	60
3	455	3
3	456	3
3	459	0
3	505	1
3	506	1
3	507	1
3	508	0
3	509	1
3	510	4
3	511	1
3	512	1
3	513	1
3	514	0
3	519	10
3	549	124
3	614	5
3	617	19
4	47	0
4	48	0
4	50	0
4	53	1
4	54	0
4	55	0
4	58	0
4	61	1
4	66	0
4	67	0
4	75	1
4	77	0
4	78	0
4	79	0
4	81	0
4	82	0
4	83	0
4	115	0
4	136	1
4	143	0
4	149	0
4	189	2
4	190	0
4	191	3
4	192	0
4	193	2
4	195	1
4	196	3
4	197	1
4	198	0
4	199	0
4	200	16
4	201	0
4	202	1
4	203	1
4	204	1
4	205	0
4	206	3
4	207	4
4	208	0
4	209	0
4	210	1
4	211	0
4	212	0
4	213	0
4	214	1
4	215	0
4	216	0
4	217	1
4	219	4
4	220	0
4	221	0
4	222	0
4	223	0
4	224	0
4	225	1
4	226	1
4	227	0
4	228	0
4	229	1
4	230	0
4	231	1
4	232	1
4	233	2
4	234	0
4	238	8
4	239	31
4	241	1
4	242	6
4	243	1
4	244	6
4	249	0
4	251	1
4	271	0
4	273	0
4	384	1
4	385	7
4	386	1
4	387	0
4	388	6
4	389	5
4	391	2
4	392	13
4	393	0
4	394	0
4	395	0
4	396	1
4	397	2
4	398	1
4	399	2
4	400	1
4	401	2
4	402	6
4	403	1
4	404	1
4	405	0
4	406	1
4	407	0
4	408	1
4	409	1
4	410	0
4	432	0
4	434	0
4	441	1
4	447	1
4	448	4
4	449	3
4	450	1
4	452	5
4	455	1
4	456	0
4	505	0
4	506	0
4	507	0
4	508	0
4	509	0
4	510	0
4	511	2
4	512	0
4	513	0
4	514	0
4	519	13
4	549	4
4	614	0
4	617	0
4	641	0
47	48	37
47	50	83
47	53	25
47	54	59
47	55	14
47	58	12
47	61	2
47	66	25
47	67	109
47	75	2
47	77	37
47	78	53
47	79	6
47	81	5
47	82	7
47	83	2
47	84	3
47	115	1
47	136	5
47	143	0
47	149	0
47	189	6
47	190	0
47	191	3
47	192	0
47	193	1
47	195	11
47	196	1
47	197	1
47	198	0
47	199	6
47	200	5
47	201	1
47	202	3
47	203	1
47	204	1
47	205	0
47	206	0
47	207	1
47	208	1
47	209	0
47	210	0
47	211	0
47	212	0
47	213	1
47	215	0
47	216	0
47	217	47
47	218	2
47	219	3
47	220	6
47	221	15
47	222	14
47	223	2
47	224	1
47	225	16
47	226	30
47	227	0
47	228	2
47	229	2
47	230	2
47	231	1
47	232	2
47	233	2
47	234	2
47	238	3
47	239	1
47	241	0
47	242	2
47	243	5
47	244	3
47	248	3
47	249	1
47	251	1
47	271	0
47	272	0
47	273	0
47	384	0
47	385	1
47	386	1
47	387	9
47	388	10
47	389	1
47	391	10
47	392	1
47	393	1
47	394	2
47	395	0
47	396	0
47	397	6
47	398	5
47	399	1
47	400	3
47	401	11
47	402	148
47	403	4
47	404	2
47	405	2
47	406	1
47	407	12
47	408	2
47	409	3
47	410	10
47	432	0
47	434	1
47	441	1
47	447	21
47	448	7
47	449	2
47	450	4
47	452	3
47	455	4
47	456	44
47	459	0
47	505	7
47	506	15
47	507	9
47	508	0
47	509	2
47	510	22
47	511	2
47	512	10
47	513	0
47	514	0
47	519	2
47	549	1
47	614	1
47	617	0
47	641	21
48	50	732
48	53	61
48	54	48
48	55	44
48	58	5
48	61	6
48	66	13
48	67	12
48	75	4
48	77	27
48	78	21
48	79	4
48	81	2
48	82	22
48	83	2
48	84	1
48	115	1
48	136	2
48	143	0
48	149	0
48	189	28
48	190	1
48	191	4
48	192	0
48	193	1
48	195	6
48	196	4
48	197	2
48	198	1
48	199	20
48	200	8
48	201	3
48	202	12
48	203	1
48	204	1
48	205	0
48	206	1
48	207	3
48	208	1
48	209	0
48	210	1
48	211	0
48	212	0
48	213	0
48	214	0
48	215	0
48	216	0
48	217	205
48	218	2
48	219	6
48	220	8
48	221	59
48	222	15
48	223	2
48	224	1
48	225	19
48	226	48
48	227	1
48	228	2
48	229	1
48	230	1
48	231	1
48	232	6
48	233	2
48	234	4
48	238	31
48	239	5
48	241	1
48	242	5
48	243	1
48	244	3
48	248	10
48	249	9
48	251	5
48	271	0
48	272	0
48	273	0
48	274	1
48	384	0
48	385	1
48	386	0
48	387	2
48	388	6
48	389	3
48	391	2
48	392	1
48	393	1
48	394	1
48	395	1
48	396	1
48	397	3
48	398	2
48	399	2
48	400	2
48	401	4
48	402	18
48	403	58
48	404	44
48	405	18
48	406	9
48	407	37
48	408	12
48	409	4
48	410	13
48	432	0
48	434	0
48	441	0
48	447	15
48	448	4
48	449	1
48	450	6
48	452	1
48	455	8
48	456	55
48	459	1
48	505	7
48	506	6
48	507	41
48	508	1
48	509	3
48	510	20
48	511	2
48	512	6
48	513	0
48	514	3
48	519	10
48	549	2
48	614	8
48	617	0
48	641	4
50	53	29
50	54	84
50	55	86
50	58	9
50	61	6
50	66	16
50	67	18
50	75	10
50	77	110
50	78	60
50	79	6
50	81	4
50	82	24
50	83	8
50	84	8
50	115	0
50	136	3
50	143	0
50	149	0
50	189	3
50	190	1
50	191	2
50	192	0
50	193	1
50	195	4
50	196	4
50	197	1
50	198	1
50	199	27
50	200	11
50	201	2
50	202	15
50	203	1
50	204	1
50	205	0
50	206	2
50	207	1
50	208	1
50	209	0
50	210	1
50	211	0
50	212	1
50	213	0
50	215	0
50	216	1
50	217	72
50	218	2
50	219	6
50	220	7
50	221	107
50	222	10
50	223	1
50	224	1
50	225	21
50	226	64
50	227	1
50	228	3
50	229	5
50	230	1
50	231	1
50	232	10
50	233	1
50	234	2
50	238	15
50	239	9
50	241	1
50	242	10
50	243	3
50	244	3
50	248	9
50	249	8
50	251	9
50	271	0
50	272	0
50	273	0
50	384	0
50	385	2
50	386	0
50	387	3
50	388	7
50	389	3
50	390	0
50	391	3
50	392	1
50	393	2
50	394	3
50	395	1
50	396	1
50	397	2
50	398	2
50	399	2
50	400	2
50	401	9
50	402	32
50	403	23
50	404	15
50	405	5
50	406	3
50	407	8
50	408	3
50	409	3
50	410	32
50	432	3
50	434	1
50	441	2
50	447	20
50	448	4
50	449	2
50	450	7
50	452	0
50	455	13
50	456	73
50	459	0
50	505	16
50	506	32
50	507	138
50	508	1
50	509	7
50	510	49
50	511	3
50	512	15
50	513	0
50	514	5
50	519	19
50	549	3
50	614	10
50	617	1
50	641	2
53	54	134
53	55	33
53	58	27
53	61	11
53	66	84
53	67	17
53	75	7
53	77	22
53	78	9
53	79	25
53	81	3
53	82	15
53	83	3
53	84	6
53	115	1
53	136	8
53	143	13
53	149	12
53	189	21
53	190	1
53	191	4
53	192	0
53	193	3
53	195	11
53	196	6
53	197	5
53	198	13
53	199	32
53	200	30
53	201	4
53	202	18
53	203	4
53	204	2
53	205	0
53	206	1
53	207	3
53	208	5
53	209	1
53	210	12
53	211	1
53	212	1
53	213	1
53	214	1
53	215	1
53	216	1
53	217	89
53	218	1
53	219	9
53	220	27
53	221	10
53	222	4
53	223	1
53	224	0
53	225	14
53	226	6
53	227	1
53	228	1
53	229	1
53	230	0
53	231	6
53	232	27
53	233	4
53	234	4
53	238	21
53	239	40
53	241	6
53	242	8
53	243	14
53	244	22
53	248	6
53	249	11
53	251	13
53	271	0
53	272	0
53	273	0
53	384	2
53	385	4
53	386	7
53	387	9
53	388	1
53	389	4
53	390	0
53	391	7
53	392	2
53	393	2
53	394	11
53	395	3
53	396	2
53	397	165
53	398	49
53	399	12
53	400	50
53	401	34
53	402	76
53	403	59
53	404	41
53	405	52
53	406	32
53	407	48
53	408	59
53	409	57
53	410	26
53	432	0
53	434	1
53	441	1
53	447	172
53	448	25
53	449	4
53	450	15
53	452	3
53	455	22
53	456	320
53	459	20
53	505	16
53	506	2
53	507	13
53	508	0
53	509	1
53	510	3
53	511	5
53	512	1
53	513	0
53	514	1
53	519	16
53	549	5
53	553	0
53	614	2
53	617	2
53	641	0
54	55	296
54	58	6
54	61	3
54	66	546
54	67	136
54	75	5
54	77	22
54	78	5
54	79	4
54	81	13
54	82	17
54	83	6
54	84	3
54	115	1
54	136	4
54	143	1
54	149	1
54	189	36
54	190	4
54	191	2
54	192	1
54	193	8
54	195	9
54	196	6
54	197	4
54	198	1
54	199	474
54	200	42
54	201	3
54	202	22
54	203	2
54	204	4
54	205	4
54	206	1
54	207	7
54	208	1
54	209	1
54	210	18
54	211	1
54	212	1
54	213	1
54	214	1
54	215	0
54	216	0
54	217	60
54	218	1
54	219	10
54	220	3
54	221	55
54	222	10
54	223	2
54	224	2
54	225	54
54	226	35
54	227	2
54	228	4
54	229	7
54	230	2
54	231	4
54	232	75
54	233	3
54	234	3
54	238	5
54	239	5
54	241	6
54	242	3
54	243	3
54	244	17
54	248	0
54	249	17
54	251	644
54	271	0
54	272	0
54	273	0
54	384	1
54	385	10
54	386	3
54	387	4
54	388	1
54	389	3
54	390	1
54	391	3
54	392	7
54	393	1
54	394	2
54	395	1
54	396	1
54	397	15
54	398	14
54	399	9
54	400	5
54	401	20
54	402	50
54	403	5
54	404	5
54	405	8
54	406	6
54	407	6
54	408	9
54	409	8
54	410	15
54	432	1
54	434	1
54	441	1
54	447	26
54	448	13
54	449	3
54	450	69
54	452	8
54	455	7
54	456	66
54	459	8
54	505	4
54	506	1
54	507	5
54	508	0
54	509	1
54	510	9
54	511	1
54	512	1
54	513	0
54	514	3
54	519	61
54	549	10
54	614	3
54	617	3
54	641	0
55	58	2
55	61	2
55	66	93
55	67	30
55	75	1
55	77	14
55	78	5
55	79	1
55	81	78
55	82	55
55	83	1
55	84	2
55	115	0
55	136	1
55	143	1
55	149	1
55	189	13
55	190	0
55	191	1
55	192	0
55	193	1
55	195	4
55	196	1
55	197	1
55	198	0
55	199	129
55	200	3
55	201	0
55	202	9
55	203	0
55	204	1
55	205	0
55	206	0
55	207	1
55	208	1
55	209	0
55	210	2
55	211	0
55	212	0
55	213	0
55	214	0
55	215	0
55	216	0
55	217	154
55	218	1
55	219	3
55	220	2
55	221	15
55	222	8
55	223	2
55	224	1
55	225	10
55	226	14
55	227	0
55	228	1
55	229	2
55	230	0
55	231	0
55	232	15
55	233	1
55	234	1
55	238	3
55	239	1
55	241	1
55	242	1
55	243	0
55	244	3
55	248	2
55	249	4
55	251	29
55	271	0
55	384	1
55	385	1
55	386	0
55	387	2
55	388	1
55	389	1
55	391	1
55	392	0
55	393	0
55	394	1
55	395	1
55	396	1
55	397	3
55	398	2
55	399	1
55	400	1
55	401	3
55	402	43
55	403	3
55	404	3
55	405	8
55	406	1
55	407	1
55	408	4
55	409	4
55	410	9
55	432	1
55	434	0
55	441	1
55	447	8
55	448	9
55	449	1
55	450	3
55	452	0
55	455	1
55	456	12
55	459	0
55	505	1
55	506	0
55	507	2
55	508	0
55	509	0
55	510	3
55	511	0
55	512	0
55	513	0
55	514	0
55	519	6
55	549	1
55	614	2
55	617	9
55	641	0
58	61	3
58	66	4
58	67	2
58	75	7
58	77	3
58	78	2
58	79	1
58	81	1
58	82	4
58	83	4
58	84	2
58	115	0
58	136	1
58	143	0
58	149	0
58	189	2
58	190	0
58	191	1
58	192	0
58	193	0
58	195	22
58	196	1
58	197	0
58	198	0
58	199	2
58	200	14
58	201	1
58	202	3
58	203	1
58	204	1
58	205	0
58	206	0
58	207	0
58	208	4
58	209	1
58	210	6
58	211	0
58	212	0
58	213	1
58	214	1
58	215	1
58	216	0
58	217	2
58	219	2
58	220	4
58	221	3
58	222	1
58	223	0
58	224	0
58	225	4
58	226	1
58	227	0
58	228	1
58	229	1
58	230	0
58	231	2
58	232	2
58	233	0
58	234	1
58	238	2
58	239	3
58	241	2
58	242	6
58	243	9
58	244	4
58	248	0
58	249	0
58	251	1
58	271	0
58	384	3
58	385	1
58	386	1
58	387	5
58	388	0
58	389	1
58	391	2
58	392	0
58	393	1
58	394	3
58	395	0
58	396	1
58	397	19
58	398	9
58	399	6
58	400	12
58	401	263
58	402	54
58	403	4
58	404	6
58	405	30
58	406	24
58	407	1
58	408	35
58	409	315
58	410	4
58	432	0
58	434	0
58	441	0
58	447	47
58	448	4
58	449	5
58	450	2
58	452	1
58	455	6
58	456	38
58	459	1
58	505	1
58	506	1
58	507	1
58	509	1
58	510	2
58	511	1
58	512	0
58	513	0
58	514	1
58	519	0
58	549	1
58	614	2
58	617	4
61	66	4
61	67	8
61	75	6
61	77	4
61	78	3
61	79	37
61	81	1
61	82	21
61	83	5
61	84	0
61	115	1
61	136	857
61	143	1
61	149	1
61	189	287
61	190	4
61	191	2
61	192	1
61	193	7
61	195	2
61	196	9
61	197	475
61	198	2
61	199	5
61	200	5
61	201	5
61	202	6
61	203	20
61	204	8
61	205	0
61	206	12
61	207	7
61	208	2
61	209	2
61	210	1
61	211	0
61	212	0
61	213	0
61	214	5
61	215	1
61	216	2
61	217	10
61	218	0
61	219	42
61	220	1
61	221	2
61	222	4
61	223	0
61	224	0
61	225	9
61	226	3
61	227	6
61	228	1
61	229	1
61	230	1
61	231	2
61	232	3
61	233	12
61	234	3
61	238	13
61	239	13
61	241	1
61	242	3
61	243	1
61	244	25
61	248	0
61	249	0
61	251	2
61	271	0
61	272	0
61	273	0
61	274	0
61	384	3
61	385	12
61	386	1
61	387	1
61	388	74
61	389	5
61	390	0
61	391	2
61	392	11
61	393	4
61	394	10
61	395	4
61	396	12
61	397	5
61	398	4
61	399	6
61	400	8
61	401	12
61	402	17
61	403	5
61	404	6
61	405	4
61	406	5
61	407	1
61	408	4
61	409	3
61	410	1
61	432	2
61	434	1
61	441	2
61	447	7
61	448	4
61	449	5
61	450	3
61	452	3
61	455	14
61	456	7
61	459	0
61	505	4
61	506	1
61	507	1
61	508	1
61	509	5
61	510	12
61	511	1
61	512	4
61	513	11
61	514	9
61	519	12
61	549	1165
61	553	0
61	614	7
61	617	10
61	641	2
66	67	276
66	75	5
66	77	17
66	78	45
66	79	3
66	81	8
66	82	7
66	83	3
66	84	4
66	115	0
66	136	34
66	143	1
66	149	1
66	189	118
66	190	2
66	191	9
66	192	5
66	193	160
66	195	6
66	196	47
66	197	55
66	198	9
66	199	79
66	200	73
66	201	4
66	202	12
66	203	4
66	204	24
66	205	14
66	206	9
66	207	127
66	208	6
66	209	3
66	210	12
66	211	1
66	212	0
66	213	1
66	214	2
66	215	4
66	216	2
66	217	167
66	218	3
66	219	96
66	220	23
66	221	49
66	222	126
66	223	12
66	224	30
66	225	12
66	226	20
66	227	1
66	228	3
66	229	3
66	230	1
66	231	3
66	232	22
66	233	7
66	234	2
66	238	9
66	239	16
66	241	33
66	242	22
66	243	17
66	244	55
66	248	1
66	249	10
66	251	64
66	271	0
66	272	0
66	273	0
66	384	2
66	385	3
66	386	14
66	387	2
66	388	3
66	389	2
66	390	0
66	391	2
66	392	5
66	393	1
66	394	5
66	395	5
66	396	1
66	397	23
66	398	5
66	399	1
66	400	6
66	401	7
66	402	35
66	403	12
66	404	9
66	405	6
66	406	8
66	407	2
66	408	10
66	409	4
66	410	10
66	432	1
66	434	1
66	441	1
66	447	22
66	448	7
66	449	11
66	450	17
66	452	20
66	455	8
66	456	112
66	459	1
66	505	2
66	506	1
66	507	2
66	508	1
66	509	1
66	510	4
66	511	1
66	512	1
66	513	0
66	514	2
66	519	258
66	549	26
66	553	0
66	614	6
66	617	29
66	641	0
67	75	5
67	77	88
67	78	17
67	79	2
67	81	7
67	82	8
67	83	6
67	84	6
67	115	1
67	136	38
67	143	0
67	149	0
67	189	15
67	190	2
67	191	2
67	192	0
67	193	7
67	195	1
67	196	6
67	197	8
67	198	1
67	199	22
67	200	2
67	201	2
67	202	3
67	203	3
67	204	7
67	205	3
67	206	2
67	207	6
67	208	2
67	209	1
67	210	1
67	211	0
67	212	0
67	213	2
67	214	0
67	215	0
67	216	1
67	217	35
67	218	1
67	219	19
67	220	4
67	221	11
67	222	22
67	223	11
67	224	7
67	225	6
67	226	11
67	227	1
67	228	2
67	229	1
67	230	0
67	231	2
67	232	7
67	233	2
67	234	3
67	238	3
67	239	3
67	241	3
67	242	5
67	243	3
67	244	5
67	248	1
67	249	3
67	251	8
67	271	0
67	272	0
67	273	0
67	384	1
67	385	11
67	386	1
67	387	2
67	388	3
67	389	2
67	390	0
67	391	1
67	392	1
67	393	9
67	394	39
67	395	8
67	396	6
67	397	5
67	398	2
67	399	1
67	400	3
67	401	5
67	402	30
67	403	2
67	404	2
67	405	1
67	406	2
67	407	1
67	408	2
67	409	1
67	410	5
67	432	2
67	434	1
67	441	2
67	447	12
67	448	4
67	449	6
67	450	9
67	452	4
67	455	30
67	456	123
67	459	0
67	505	2
67	506	2
67	507	2
67	508	0
67	509	1
67	510	4
67	511	1
67	512	2
67	513	0
67	514	6
67	519	42
67	549	17
67	553	1
67	614	14
67	617	6
67	641	1
75	77	2
75	78	3
75	79	1
75	81	2
75	82	4
75	83	4
75	84	1
75	115	1
75	136	3
75	143	0
75	149	0
75	189	2
75	190	8
75	191	3
75	192	3
75	193	11
75	195	4
75	196	52
75	197	121
75	198	5
75	199	7
75	200	14
75	201	6
75	202	34
75	203	8
75	204	35
75	205	1
75	206	50
75	207	55
75	208	2
75	209	19
75	210	3
75	211	0
75	212	1
75	213	1
75	214	0
75	215	2
75	216	48
75	217	4
75	218	0
75	219	16
75	220	1
75	221	6
75	222	5
75	223	0
75	224	1
75	225	9
75	226	14
75	227	6
75	228	4
75	229	11
75	230	5
75	231	9
75	232	59
75	233	15
75	234	9
75	238	186
75	239	8
75	241	5
75	242	10
75	243	8
75	244	12
75	248	0
75	249	0
75	251	1
75	271	25
75	272	13
75	273	53
75	384	2
75	385	5
75	386	4
75	387	3
75	388	4
75	389	9
75	390	0
75	391	8
75	392	9
75	393	84
75	394	132
75	395	14
75	396	10
75	397	67
75	398	37
75	399	15
75	400	7
75	401	29
75	402	18
75	403	9
75	404	7
75	405	8
75	406	30
75	407	9
75	408	27
75	409	39
75	410	14
75	432	5
75	434	2
75	441	4
75	447	14
75	448	4
75	449	5
75	450	6
75	452	11
75	455	77
75	456	9
75	459	1
75	505	27
75	506	10
75	507	2
75	508	11
75	509	2
75	510	23
75	511	5
75	512	22
75	513	11
75	514	31
75	519	5
75	549	35
75	553	8
75	614	6
75	617	16
75	641	0
77	78	101
77	79	40
77	81	48
77	82	53
77	83	45
77	84	48
77	115	12
77	136	27
77	143	2
77	149	7
77	189	6
77	190	5
77	191	2
77	192	1
77	193	4
77	195	7
77	196	6
77	197	4
77	198	0
77	199	7
77	200	3
77	201	2
77	202	6
77	203	1
77	204	4
77	205	1
77	206	4
77	207	3
77	208	2
77	209	1
77	210	1
77	211	0
77	212	0
77	213	1
77	214	0
77	215	1
77	216	2
77	217	20
77	218	1
77	219	8
77	220	5
77	221	19
77	222	46
77	223	3
77	224	36
77	225	27
77	226	27
77	227	3
77	228	15
77	229	2
77	230	1
77	231	4
77	232	5
77	233	3
77	234	4
77	238	5
77	239	4
77	241	2
77	242	6
77	243	5
77	244	4
77	248	3
77	249	3
77	251	8
77	271	0
77	272	0
77	273	0
77	384	1
77	385	8
77	386	1
77	387	6
77	388	3
77	389	2
77	390	0
77	391	3
77	392	2
77	393	1
77	394	1
77	395	1
77	396	1
77	397	5
77	398	6
77	399	1
77	400	4
77	401	6
77	402	39
77	403	3
77	404	2
77	405	2
77	406	4
77	407	1
77	408	4
77	409	3
77	410	9
77	432	1
77	434	2
77	441	2
77	447	17
77	448	7
77	449	11
77	450	28
77	452	4
77	455	8
77	456	13
77	459	2
77	505	6
77	506	25
77	507	9
77	508	1
77	509	8
77	510	20
77	511	21
77	512	12
77	513	1
77	514	2
77	519	88
77	549	10
77	553	0
77	614	5
77	617	3
77	641	1
78	79	7
78	81	33
78	82	19
78	83	15
78	84	21
78	115	0
78	136	7
78	143	3
78	149	4
78	189	35
78	190	8
78	191	2
78	192	2
78	193	35
78	195	2
78	196	39
78	197	60
78	198	1
78	199	9
78	200	4
78	201	8
78	202	5
78	203	3
78	204	12
78	205	3
78	206	10
78	207	15
78	208	5
78	209	2
78	210	1
78	211	0
78	212	0
78	213	1
78	214	0
78	215	1
78	216	1
78	217	67
78	218	2
78	219	90
78	220	25
78	221	57
78	222	231
78	223	10
78	224	40
78	225	57
78	226	9
78	227	2
78	228	7
78	229	3
78	230	1
78	231	3
78	232	6
78	233	4
78	234	2
78	238	3
78	239	3
78	241	1
78	242	3
78	243	3
78	244	14
78	248	2
78	249	2
78	251	1
78	271	0
78	273	0
78	384	1
78	385	29
78	386	4
78	387	9
78	388	4
78	389	4
78	390	0
78	391	4
78	392	2
78	393	0
78	394	0
78	395	0
78	396	1
78	397	7
78	398	6
78	399	2
78	400	9
78	401	4
78	402	20
78	403	15
78	404	4
78	405	2
78	406	1
78	407	1
78	408	2
78	409	3
78	410	4
78	432	1
78	434	1
78	441	1
78	447	13
78	448	11
78	449	7
78	450	15
78	452	2
78	455	4
78	456	7
78	459	1
78	505	2
78	506	3
78	507	6
78	508	1
78	509	2
78	510	4
78	511	2
78	512	2
78	513	1
78	514	1
78	519	77
78	549	15
78	614	5
78	617	9
78	641	0
79	81	2
79	82	8
79	83	5
79	84	3
79	115	0
79	136	5
79	143	9
79	149	13
79	189	3
79	190	1
79	191	0
79	193	1
79	195	1
79	196	1
79	197	3
79	199	1
79	200	1
79	201	1
79	202	1
79	203	1
79	204	0
79	206	1
79	207	1
79	208	0
79	209	0
79	210	1
79	211	0
79	212	0
79	215	0
79	216	0
79	217	4
79	219	2
79	220	0
79	221	1
79	222	2
79	223	0
79	224	0
79	225	2
79	226	1
79	227	0
79	228	1
79	229	0
79	230	0
79	231	1
79	232	1
79	233	1
79	234	0
79	238	1
79	239	4
79	241	1
79	242	1
79	243	1
79	244	2
79	248	0
79	249	0
79	251	1
79	271	0
79	273	0
79	384	0
79	385	3
79	386	1
79	387	2
79	388	2
79	389	1
79	391	2
79	392	0
79	393	0
79	394	0
79	395	0
79	396	0
79	397	9
79	398	8
79	399	2
79	400	12
79	401	4
79	402	3
79	403	0
79	404	0
79	405	1
79	406	1
79	407	0
79	408	1
79	409	1
79	410	1
79	432	0
79	434	0
79	441	0
79	447	16
79	448	2
79	449	1
79	450	1
79	452	0
79	455	3
79	456	15
79	459	2
79	505	5
79	506	3
79	507	7
79	508	0
79	509	3
79	510	2
79	511	15
79	512	3
79	513	0
79	514	0
79	519	1
79	549	7
79	614	0
79	617	1
79	641	0
81	82	289
81	83	510
81	84	38
81	115	0
81	136	8
81	143	0
81	149	1
81	189	4
81	190	2
81	191	1
81	192	8
81	193	2
81	195	1
81	196	4
81	197	15
81	198	9
81	199	8
81	200	6
81	201	1
81	202	4
81	203	2
81	204	3
81	205	8
81	206	2
81	207	3
81	208	125
81	209	8
81	210	2
81	211	2
81	212	1
81	213	26
81	214	18
81	215	12
81	216	4
81	217	7
81	218	0
81	219	6
81	220	2
81	221	4
81	222	9
81	223	1
81	224	1
81	225	55
81	226	5
81	227	11
81	228	22
81	229	2
81	230	2
81	231	4
81	232	8
81	233	7
81	234	3
81	238	1
81	239	10
81	241	7
81	242	5
81	243	10
81	244	6
81	248	0
81	249	1
81	251	2
81	271	0
81	273	0
81	384	16
81	385	6
81	386	3
81	387	1
81	388	1
81	389	13
81	390	9
81	391	2
81	392	1
81	393	0
81	394	1
81	395	0
81	396	1
81	397	7
81	398	2
81	399	2
81	400	2
81	401	3
81	402	72
81	403	1
81	404	0
81	405	1
81	406	1
81	407	0
81	408	1
81	409	1
81	410	3
81	432	2
81	434	1
81	441	2
81	447	2
81	448	2
81	449	3
81	450	3
81	452	1
81	455	1
81	456	4
81	459	0
81	505	8
81	506	8
81	507	1
81	508	8
81	509	9
81	510	4
81	511	16
81	512	1
81	513	0
81	514	1
81	519	7
81	549	4
81	553	12
81	614	11
81	617	4
81	641	0
82	83	1206
82	84	36
82	115	2
82	136	53
82	143	3
82	149	4
82	189	15
82	190	6
82	191	4
82	192	19
82	193	10
82	195	6
82	196	12
82	197	16
82	198	4
82	199	7
82	200	3
82	201	7
82	202	9
82	203	4
82	204	7
82	205	26
82	206	7
82	207	8
82	208	12
82	209	13
82	210	2
82	211	2
82	212	2
82	213	1
82	214	10
82	215	5
82	216	30
82	217	15
82	218	0
82	219	28
82	220	6
82	221	15
82	222	14
82	223	1
82	224	2
82	225	21
82	226	20
82	227	6
82	228	9
82	229	3
82	230	33
82	231	63
82	232	19
82	233	21
82	234	8
82	238	6
82	239	5
82	241	1
82	242	5
82	243	2
82	244	6
82	248	1
82	249	2
82	251	6
82	271	0
82	272	0
82	273	0
82	384	5
82	385	4
82	386	2
82	387	4
82	388	2
82	389	5
82	390	0
82	391	4
82	392	3
82	393	1
82	394	3
82	395	1
82	396	1
82	397	20
82	398	12
82	399	2
82	400	4
82	401	6
82	402	40
82	403	4
82	404	3
82	405	4
82	406	5
82	407	1
82	408	5
82	409	4
82	410	2
82	432	2
82	434	7
82	441	7
82	447	18
82	448	11
82	449	4
82	450	6
82	452	4
82	455	4
82	456	15
82	459	27
82	505	20
82	506	43
82	507	5
82	508	17
82	509	22
82	510	10
82	511	33
82	512	16
82	513	3
82	514	2
82	519	15
82	549	47
82	614	13
82	617	12
82	641	1
83	84	24
83	115	1
83	136	24
83	143	0
83	149	0
83	189	1
83	190	4
83	191	1
83	192	0
83	193	1
83	195	1
83	196	6
83	197	5
83	198	1
83	199	4
83	200	2
83	201	5
83	202	5
83	203	1
83	204	4
83	205	3
83	206	4
83	207	1
83	208	6
83	209	1
83	210	1
83	211	0
83	212	1
83	213	1
83	214	13
83	215	1
83	216	1
83	217	1
83	219	3
83	220	1
83	221	2
83	222	1
83	224	0
83	225	4
83	226	3
83	227	1
83	228	2
83	229	0
83	230	1
83	231	5
83	232	2
83	233	6
83	234	3
83	238	3
83	239	2
83	241	2
83	242	10
83	243	106
83	244	3
83	251	0
83	271	0
83	272	0
83	273	0
83	384	1
83	385	2
83	386	1
83	387	1
83	388	1
83	389	1
83	390	0
83	391	1
83	392	2
83	393	0
83	394	1
83	395	0
83	396	0
83	397	2
83	398	2
83	399	0
83	400	1
83	401	2
83	402	12
83	403	1
83	404	0
83	405	2
83	406	4
83	407	1
83	408	3
83	409	2
83	410	0
83	432	0
83	434	1
83	441	1
83	447	1
83	448	2
83	449	2
83	450	2
83	452	1
83	455	1
83	456	9
83	505	21
83	506	8
83	507	4
83	508	8
83	509	26
83	510	6
83	511	33
83	512	2
83	513	1
83	514	1
83	519	21
83	549	16
83	553	0
83	614	3
83	617	3
83	641	1
84	115	3
84	136	3
84	189	1
84	190	0
84	191	1
84	192	1
84	193	1
84	195	1
84	196	1
84	197	3
84	199	1
84	200	3
84	201	3
84	202	2
84	203	1
84	204	1
84	205	3
84	206	2
84	207	2
84	208	4
84	209	1
84	210	1
84	211	0
84	213	1
84	214	2
84	215	3
84	216	2
84	217	4
84	218	1
84	219	2
84	220	2
84	221	5
84	222	2
84	224	0
84	225	7
84	226	3
84	227	0
84	228	1
84	229	8
84	230	0
84	231	0
84	232	1
84	233	1
84	234	1
84	238	2
84	239	2
84	241	1
84	242	2
84	243	1
84	244	2
84	248	6
84	249	5
84	384	1
84	385	12
84	386	7
84	387	23
84	388	0
84	389	2
84	391	2
84	392	0
84	393	2
84	394	0
84	396	0
84	397	4
84	398	4
84	399	2
84	400	3
84	401	6
84	402	20
84	403	1
84	404	3
84	405	2
84	406	1
84	408	3
84	409	2
84	410	4
84	432	0
84	434	0
84	441	0
84	447	5
84	448	1
84	449	1
84	450	1
84	452	0
84	455	1
84	456	5
84	505	7
84	506	26
84	507	3
84	508	1
84	509	6
84	510	2
84	511	5
84	512	2
84	513	0
84	514	1
84	519	9
84	549	3
84	614	3
84	617	1
115	136	2
115	143	1
115	149	1
115	189	6
115	190	1
115	191	0
115	192	1
115	193	2
115	195	1
115	196	1
115	197	0
115	198	0
115	199	1
115	200	1
115	201	0
115	202	1
115	203	1
115	204	1
115	205	0
115	206	0
115	207	0
115	208	1
115	209	1
115	210	42
115	211	142
115	212	263
115	213	5
115	214	1
115	215	1
115	216	0
115	217	0
115	219	2
115	220	0
115	221	0
115	222	1
115	223	0
115	224	0
115	225	1
115	226	0
115	227	1
115	228	1
115	229	0
115	230	0
115	231	4
115	232	2
115	233	2
115	234	1
115	238	0
115	239	5
115	241	0
115	242	1
115	243	0
115	244	1
115	251	0
115	271	3
115	272	1
115	273	1
115	384	1
115	385	4
115	386	1
115	387	1
115	388	0
115	389	1
115	391	1
115	392	1
115	393	0
115	394	0
115	395	0
115	396	1
115	397	4
115	398	6
115	399	2
115	400	2
115	401	2
115	402	1
115	403	1
115	404	2
115	405	44
115	406	41
115	407	0
115	408	4
115	409	1
115	410	0
115	432	1
115	434	2
115	441	19
115	447	3
115	448	6
115	449	17
115	450	7
115	452	1
115	455	15
115	456	38
115	505	1
115	506	0
115	507	0
115	508	0
115	509	0
115	510	2
115	511	1
115	512	3
115	513	1
115	514	1
115	519	4
115	549	2
115	614	4
115	617	2
136	143	2
136	149	1
136	189	205
136	190	7
136	191	4
136	192	5
136	193	18
136	195	7
136	196	18
136	197	338
136	198	6
136	199	5
136	200	5
136	201	6
136	202	8
136	203	7
136	204	13
136	205	1
136	206	17
136	207	13
136	208	7
136	209	5
136	210	1
136	211	0
136	212	2
136	213	2
136	214	6
136	215	2
136	216	3
136	217	9
136	218	0
136	219	133
136	220	2
136	221	4
136	222	12
136	223	0
136	224	2
136	225	11
136	226	12
136	227	13
136	228	5
136	229	2
136	230	5
136	231	14
136	232	7
136	233	30
136	234	23
136	238	7
136	239	77
136	241	6
136	242	83
136	243	17
136	244	59
136	248	0
136	249	0
136	251	3
136	271	0
136	272	0
136	273	0
136	384	3
136	385	4
136	386	3
136	387	1
136	388	23
136	389	2
136	390	1
136	391	1
136	392	33
136	393	1
136	394	3
136	395	0
136	396	3
136	397	3
136	398	2
136	399	2
136	400	1
136	401	9
136	402	8
136	403	4
136	404	2
136	405	3
136	406	6
136	407	1
136	408	5
136	409	3
136	410	1
136	432	1
136	434	1
136	441	2
136	447	8
136	448	21
136	449	15
136	450	15
136	452	18
136	455	11
136	456	36
136	459	0
136	505	10
136	506	4
136	507	1
136	508	3
136	509	8
136	510	31
136	511	2
136	512	9
136	513	16
136	514	19
136	519	16
136	549	973
136	614	28
136	617	13
136	641	3
143	149	1856
143	189	0
143	190	0
143	191	0
143	192	1
143	193	0
143	195	1
143	196	0
143	197	0
143	198	3
143	199	0
143	200	3
143	201	0
143	202	0
143	203	0
143	204	0
143	205	0
143	206	0
143	207	0
143	208	0
143	209	0
143	210	7
143	212	0
143	215	0
143	216	0
143	217	0
143	219	5
143	220	0
143	221	0
143	222	0
143	223	0
143	224	0
143	225	2
143	226	0
143	227	0
143	228	0
143	229	0
143	230	0
143	231	1
143	232	0
143	233	5
143	234	1
143	238	0
143	239	4
143	241	1
143	242	1
143	243	0
143	244	1
143	251	2
143	271	0
143	272	0
143	384	11
143	385	33
143	386	25
143	387	3
143	388	1
143	389	7
143	391	5
143	392	0
143	393	0
143	394	0
143	395	0
143	396	1
143	397	945
143	398	527
143	399	27
143	400	1463
143	401	30
143	402	18
143	403	3
143	404	1
143	405	7
143	406	1
143	407	0
143	408	5
143	409	12
143	410	1
143	432	0
143	434	0
143	441	0
143	447	1009
143	448	1
143	449	0
143	450	1
143	452	0
143	455	1
143	456	1
143	459	5
143	505	0
143	506	0
143	507	0
143	508	0
143	509	0
143	510	1
143	511	0
143	512	0
143	513	0
143	514	0
143	519	0
143	549	0
143	614	1
143	617	0
149	189	0
149	190	0
149	191	0
149	192	0
149	193	0
149	195	1
149	196	0
149	197	0
149	198	3
149	199	0
149	200	4
149	201	0
149	202	0
149	203	0
149	204	0
149	206	0
149	207	0
149	208	0
149	209	0
149	210	7
149	211	0
149	212	0
149	214	0
149	216	0
149	217	1
149	219	6
149	220	0
149	221	0
149	222	0
149	223	0
149	224	0
149	225	2
149	226	0
149	227	0
149	228	0
149	229	0
149	230	0
149	231	1
149	232	0
149	233	3
149	234	1
149	238	1
149	239	6
149	241	1
149	242	1
149	243	0
149	244	0
149	249	0
149	251	1
149	271	0
149	272	0
149	273	0
149	384	5
149	385	35
149	386	27
149	387	3
149	388	1
149	389	7
149	391	5
149	392	0
149	393	0
149	394	1
149	395	0
149	396	1
149	397	956
149	398	530
149	399	26
149	400	1446
149	401	28
149	402	19
149	403	1
149	404	1
149	405	6
149	406	1
149	407	0
149	408	5
149	409	23
149	410	1
149	432	0
149	434	0
149	441	0
149	447	1020
149	448	2
149	449	0
149	450	2
149	452	0
149	455	1
149	456	1
149	459	6
149	505	0
149	506	0
149	507	0
149	508	0
149	509	0
149	510	1
149	511	0
149	512	0
149	513	0
149	514	0
149	519	0
149	549	0
149	614	0
149	617	0
189	190	103
189	191	15
189	192	17
189	193	107
189	195	5
189	196	65
189	197	133
189	198	1
189	199	9
189	200	20
189	201	4
189	202	7
189	203	12
189	204	33
189	205	3
189	206	22
189	207	211
189	208	12
189	209	9
189	210	3
189	211	9
189	212	2
189	213	5
189	214	4
189	215	12
189	216	3
189	217	169
189	218	3
189	219	99
189	220	31
189	221	41
189	222	110
189	223	22
189	224	205
189	225	7
189	226	4
189	227	4
189	228	5
189	229	1
189	230	2
189	231	9
189	232	5
189	233	17
189	234	3
189	238	31
189	239	15
189	241	5
189	242	16
189	243	5
189	244	68
189	248	1
189	249	1
189	251	6
189	271	0
189	272	0
189	273	0
189	384	6
189	385	12
189	386	3
189	387	2
189	388	24
189	389	1
189	390	2
189	391	7
189	392	17
189	393	1
189	394	1
189	395	1
189	396	1
189	397	3
189	398	3
189	399	1
189	400	1
189	401	8
189	402	9
189	403	6
189	404	4
189	405	10
189	406	8
189	407	2
189	408	11
189	409	7
189	410	8
189	432	3
189	434	7
189	441	7
189	447	44
189	448	205
189	449	131
189	450	23
189	452	171
189	455	8
189	456	17
189	505	2
189	506	1
189	507	1
189	508	1
189	509	2
189	510	6
189	511	1
189	512	2
189	513	3
189	514	2
189	519	17
189	549	263
189	614	21
189	617	4
189	641	1
190	191	241
190	192	2
190	193	41
190	195	120
190	196	393
190	197	30
190	198	1
190	199	236
190	200	3
190	201	797
190	202	805
190	203	440
190	204	121
190	205	0
190	206	175
190	207	16
190	208	3
190	209	2
190	210	1
190	211	1
190	212	0
190	213	1
190	214	1
190	215	17
190	216	25
190	217	5
190	218	0
190	219	47
190	220	3
190	221	10
190	222	5
190	223	1
190	224	2
190	225	12
190	226	3
190	227	1
190	228	4
190	229	3
190	230	1
190	231	11
190	232	12
190	233	8
190	234	2
190	238	4
190	239	4
190	241	3
190	242	3
190	243	1
190	244	6
190	248	1
190	249	0
190	251	0
190	271	1
190	272	0
190	273	1
190	384	2
190	385	3
190	386	2
190	387	3
190	388	3
190	389	1
190	390	0
190	391	1
190	392	5
190	393	1
190	394	0
190	395	0
190	396	1
190	397	2
190	398	3
190	399	4
190	400	1
190	401	1
190	402	2
190	403	15
190	404	2
190	405	1
190	406	15
190	407	1
190	408	13
190	409	22
190	410	1
190	432	3
190	434	2
190	441	3
190	447	4
190	448	15
190	449	8
190	450	28
190	452	9
190	455	7
190	456	10
190	459	1
190	505	1
190	506	2
190	507	1
190	508	0
190	509	1
190	510	7
190	511	1
190	512	4
190	513	1
190	514	2
190	519	16
190	549	41
190	614	16
190	617	2
190	641	0
191	192	14
191	193	28
191	195	66
191	196	205
191	197	11
191	198	2
191	199	124
191	200	95
191	201	442
191	202	456
191	203	261
191	204	86
191	205	1
191	206	102
191	207	12
191	208	4
191	209	3
191	210	27
191	211	6
191	212	22
191	213	4
191	214	5
191	215	4
191	216	13
191	217	56
191	218	9
191	219	199
191	220	25
191	221	12
191	222	26
191	223	1
191	224	2
191	225	13
191	226	8
191	227	1
191	228	2
191	229	2
191	230	0
191	231	5
191	232	7
191	233	17
191	234	1
191	238	6
191	239	15
191	241	1
191	242	22
191	243	27
191	244	40
191	248	1
191	249	2
191	251	0
191	271	0
191	272	0
191	273	0
191	384	1
191	385	5
191	386	3
191	387	28
191	388	19
191	389	2
191	390	1
191	391	2
191	392	27
191	393	2
191	394	0
191	395	0
191	396	0
191	397	2
191	398	2
191	399	1
191	400	1
191	401	4
191	402	5
191	403	36
191	404	9
191	405	2
191	406	5
191	407	3
191	408	5
191	409	11
191	410	8
191	432	0
191	434	0
191	441	0
191	447	14
191	448	9
191	449	4
191	450	13
191	452	2
191	455	5
191	456	11
191	459	1
191	505	2
191	506	1
191	507	1
191	508	0
191	509	1
191	510	4
191	511	1
191	512	1
191	513	0
191	514	0
191	519	4
191	549	26
191	614	1
191	617	1
191	641	0
192	193	54
192	195	1
192	196	19
192	197	15
192	198	5
192	199	2
192	200	26
192	201	0
192	202	1
192	203	4
192	204	8
192	205	56
192	206	4
192	207	25
192	208	61
192	209	40
192	210	139
192	211	56
192	212	66
192	213	28
192	214	192
192	215	44
192	216	11
192	217	8
192	218	0
192	219	68
192	220	2
192	221	8
192	222	29
192	223	1
192	224	11
192	225	85
192	226	51
192	227	66
192	228	97
192	229	13
192	230	12
192	231	104
192	232	29
192	233	7
192	234	5
192	238	1
192	239	6
192	241	0
192	242	22
192	243	3
192	244	13
192	251	0
192	271	0
192	272	0
192	384	56
192	385	2
192	386	13
192	387	0
192	388	4
192	389	7
192	390	4
192	391	1
192	392	25
192	393	0
192	396	0
192	397	1
192	398	1
192	399	0
192	400	0
192	401	1
192	402	4
192	403	1
192	404	0
192	405	0
192	406	0
192	407	0
192	408	0
192	409	0
192	410	1
192	432	3
192	434	4
192	441	5
192	447	1
192	448	1
192	449	4
192	450	5
192	452	3
192	455	1
192	456	2
192	505	1
192	506	0
192	507	0
192	508	5
192	509	1
192	510	14
192	511	0
192	512	8
192	513	2
192	514	2
192	519	0
192	549	6
192	614	1
192	617	0
192	641	2
193	195	10
193	196	225
193	197	113
193	198	2
193	199	70
193	200	58
193	201	56
193	202	107
193	203	23
193	204	623
193	205	2
193	206	464
193	207	188
193	208	14
193	209	11
193	210	15
193	211	36
193	212	12
193	213	12
193	214	5
193	215	8
193	216	8
193	217	41
193	218	2
193	219	473
193	220	24
193	221	68
193	222	319
193	223	16
193	224	37
193	225	8
193	226	5
193	227	2
193	228	8
193	229	4
193	230	6
193	231	20
193	232	10
193	233	8
193	234	10
193	238	11
193	239	20
193	241	13
193	242	20
193	243	3
193	244	62
193	248	0
193	249	0
193	251	1
193	271	0
193	272	0
193	273	1
193	384	5
193	385	10
193	386	6
193	387	2
193	388	6
193	389	3
193	390	1
193	391	4
193	392	41
193	393	1
193	394	1
193	395	1
193	396	1
193	397	3
193	398	3
193	399	1
193	400	1
193	401	3
193	402	7
193	403	3
193	404	2
193	405	3
193	406	11
193	407	0
193	408	10
193	409	1
193	410	2
193	432	6
193	434	3
193	441	6
193	447	18
193	448	67
193	449	40
193	450	594
193	452	26
193	455	8
193	456	10
193	459	1
193	505	2
193	506	1
193	507	1
193	508	1
193	509	2
193	510	7
193	511	0
193	512	2
193	513	1
193	514	2
193	519	74
193	549	32
193	614	26
193	617	18
193	641	0
195	196	107
195	197	7
195	198	0
195	199	151
195	200	208
195	201	225
195	202	293
195	203	115
195	204	25
195	205	1
195	206	43
195	207	8
195	208	2
195	209	2
195	210	39
195	211	1
195	212	1
195	213	0
195	214	0
195	215	1
195	216	6
195	217	8
195	218	0
195	219	187
195	220	3
195	221	28
195	222	8
195	223	1
195	224	1
195	225	34
195	226	11
195	227	2
195	228	2
195	229	3
195	230	1
195	231	15
195	232	12
195	233	10
195	234	3
195	238	10
195	239	6
195	241	5
195	242	9
195	243	3
195	244	12
195	248	1
195	249	1
195	251	1
195	271	0
195	272	0
195	273	1
195	274	0
195	384	1
195	385	3
195	386	4
195	387	5
195	388	1
195	389	3
195	390	0
195	391	3
195	392	10
195	393	1
195	394	2
195	395	1
195	396	2
195	397	15
195	398	16
195	399	10
195	400	10
195	401	9
195	402	55
195	403	78
195	404	73
195	405	148
195	406	295
195	407	5
195	408	296
195	409	179
195	410	4
195	432	0
195	434	1
195	441	1
195	447	42
195	448	7
195	449	7
195	450	15
195	452	4
195	455	5
195	456	10
195	459	6
195	505	1
195	506	1
195	507	1
195	508	1
195	509	1
195	510	17
195	511	2
195	512	1
195	513	1
195	514	3
195	519	43
195	549	10
195	614	3
195	617	5
195	641	1
196	197	831
196	198	17
196	199	260
196	200	18
196	201	754
196	202	755
196	203	402
196	204	435
196	205	2
196	206	1165
196	207	1131
196	208	8
196	209	102
196	210	6
196	211	2
196	212	1
196	213	4
196	214	2
196	215	6
196	216	37
196	217	44
196	218	1
196	219	340
196	220	10
196	221	73
196	222	161
196	223	8
196	224	149
196	225	24
196	226	6
196	227	7
196	228	25
196	229	39
196	230	6
196	231	20
196	232	30
196	233	15
196	234	12
196	238	38
196	239	5
196	241	7
196	242	17
196	243	9
196	244	59
196	248	0
196	249	0
196	251	0
196	271	0
196	272	0
196	273	1
196	384	3
196	385	7
196	386	1
196	387	3
196	388	10
196	389	2
196	390	0
196	391	4
196	392	75
196	393	3
196	394	3
196	395	1
196	396	3
196	397	2
196	398	2
196	399	1
196	400	1
196	401	2
196	402	5
196	403	25
196	404	11
196	405	6
196	406	21
196	407	1
196	408	19
196	409	19
196	410	2
196	432	15
196	434	53
196	441	49
196	447	10
196	448	44
196	449	294
196	450	61
196	452	547
196	455	19
196	456	29
196	459	1
196	505	5
196	506	1
196	507	1
196	508	3
196	509	4
196	510	11
196	511	2
196	512	2
196	513	1
196	514	2
196	519	17
196	549	92
196	614	139
196	617	105
196	641	0
197	198	198
197	199	41
197	200	12
197	201	24
197	202	56
197	203	108
197	204	255
197	205	5
197	206	778
197	207	683
197	208	84
197	209	376
197	210	8
197	211	6
197	212	3
197	213	15
197	214	9
197	215	19
197	216	82
197	217	40
197	218	0
197	219	187
197	220	14
197	221	49
197	222	177
197	223	5
197	224	113
197	225	14
197	226	5
197	227	17
197	228	22
197	229	45
197	230	4
197	231	11
197	232	12
197	233	18
197	234	11
197	238	105
197	239	17
197	241	11
197	242	14
197	243	7
197	244	66
197	248	0
197	249	0
197	251	0
197	271	0
197	272	0
197	273	0
197	384	34
197	385	7
197	386	2
197	387	2
197	388	11
197	389	2
197	390	1
197	391	2
197	392	35
197	393	3
197	394	3
197	395	0
197	396	1
197	397	1
197	398	1
197	399	1
197	400	0
197	401	3
197	402	7
197	403	18
197	404	3
197	405	2
197	406	9
197	407	0
197	408	7
197	409	3
197	410	2
197	432	17
197	434	57
197	441	57
197	447	2
197	448	21
197	449	71
197	450	24
197	452	208
197	455	4
197	456	4
197	505	13
197	506	1
197	507	1
197	508	2
197	509	5
197	510	13
197	511	1
197	512	3
197	513	8
197	514	7
197	519	9
197	549	486
197	614	155
197	617	265
197	641	1
198	199	1
198	200	5
198	201	1
198	202	2
198	203	4
198	204	7
198	205	11
198	206	12
198	207	14
198	208	146
198	209	59
198	210	6
198	211	6
198	212	3
198	213	4
198	214	16
198	215	13
198	216	39
198	217	2
198	219	6
198	220	1
198	221	1
198	222	1
198	224	1
198	225	2
198	226	1
198	227	2
198	228	1
198	229	2
198	230	0
198	231	3
198	232	3
198	233	3
198	234	1
198	238	2
198	239	23
198	241	6
198	242	10
198	243	10
198	244	6
198	249	0
198	251	0
198	273	0
198	384	122
198	385	3
198	386	4
198	387	1
198	388	7
198	389	0
198	391	2
198	392	2
198	393	0
198	394	0
198	396	0
198	397	4
198	398	3
198	399	1
198	400	3
198	401	2
198	402	3
198	403	9
198	404	1
198	405	1
198	406	2
198	407	2
198	408	2
198	409	1
198	410	1
198	432	2
198	434	5
198	441	5
198	447	7
198	448	7
198	449	3
198	450	3
198	452	1
198	455	4
198	456	3
198	505	0
198	506	3
198	507	0
198	508	0
198	509	1
198	510	1
198	511	1
198	512	1
198	513	0
198	514	0
198	519	10
198	549	8
198	614	29
198	617	13
198	641	2
199	200	32
199	201	506
199	202	686
199	203	308
199	204	116
199	205	0
199	206	174
199	207	25
199	208	2
199	209	3
199	210	30
199	211	2
199	212	1
199	213	1
199	214	1
199	215	2
199	216	14
199	217	95
199	218	1
199	219	123
199	220	4
199	221	69
199	222	35
199	223	2
199	224	5
199	225	27
199	226	7
199	227	2
199	228	4
199	229	6
199	230	1
199	231	12
199	232	178
199	233	5
199	234	3
199	238	7
199	239	3
199	241	3
199	242	5
199	243	2
199	244	35
199	248	1
199	249	4
199	251	107
199	271	2
199	272	1
199	273	5
199	384	2
199	385	6
199	386	1
199	387	5
199	388	1
199	389	1
199	390	0
199	391	2
199	392	20
199	393	1
199	394	2
199	395	1
199	396	0
199	397	4
199	398	4
199	399	2
199	400	4
199	401	20
199	402	7
199	403	32
199	404	19
199	405	15
199	406	117
199	407	2
199	408	100
199	409	13
199	410	7
199	432	0
199	434	1
199	441	1
199	447	33
199	448	19
199	449	11
199	450	64
199	452	17
199	455	4
199	456	41
199	459	1
199	505	2
199	506	1
199	507	2
199	508	0
199	509	2
199	510	15
199	511	1
199	512	2
199	513	2
199	514	3
199	519	321
199	549	50
199	614	8
199	617	5
199	641	2
200	201	6
200	202	83
200	203	31
200	204	19
200	205	4
200	206	8
200	207	18
200	208	28
200	209	9
200	210	492
200	211	32
200	212	6
200	213	6
200	214	14
200	215	8
200	216	3
200	217	45
200	218	7
200	219	277
200	220	36
200	221	20
200	222	12
200	223	1
200	224	1
200	225	47
200	226	36
200	227	6
200	228	5
200	229	5
200	230	1
200	231	15
200	232	62
200	233	34
200	234	6
200	238	51
200	239	118
200	241	24
200	242	103
200	243	53
200	244	122
200	248	3
200	249	4
200	251	1
200	271	1
200	272	0
200	273	0
200	384	9
200	385	21
200	386	57
200	387	29
200	388	11
200	389	10
200	390	15
200	391	10
200	392	36
200	393	4
200	394	2
200	395	2
200	396	14
200	397	47
200	398	15
200	399	7
200	400	18
200	401	25
200	402	66
200	403	21
200	404	23
200	405	17
200	406	22
200	407	6
200	408	25
200	409	17
200	410	37
200	432	0
200	434	7
200	441	4
200	447	44
200	448	5
200	449	5
200	450	10
200	452	9
200	455	10
200	456	57
200	459	2
200	505	4
200	506	1
200	507	3
200	508	2
200	509	1
200	510	12
200	511	2
200	512	2
200	513	0
200	514	6
200	519	11
200	549	8
200	614	2
200	617	2
200	641	0
201	202	1648
201	203	964
201	204	288
201	205	0
201	206	494
201	207	11
201	208	1
201	209	3
201	210	2
201	211	0
201	212	0
201	213	1
201	214	1
201	215	5
201	216	44
201	217	3
201	218	0
201	219	129
201	220	4
201	221	50
201	222	17
201	223	1
201	224	2
201	225	33
201	226	4
201	227	1
201	228	2
201	229	4
201	230	2
201	231	13
201	232	36
201	233	15
201	234	2
201	238	4
201	239	1
201	241	3
201	242	2
201	243	1
201	244	7
201	248	3
201	249	2
201	251	1
201	271	0
201	272	0
201	273	0
201	384	1
201	385	3
201	386	1
201	387	16
201	388	3
201	389	1
201	390	0
201	391	1
201	392	5
201	393	1
201	394	2
201	395	1
201	396	0
201	397	2
201	398	1
201	399	1
201	400	4
201	401	1
201	402	5
201	403	47
201	404	5
201	405	4
201	406	33
201	407	1
201	408	28
201	409	42
201	410	1
201	432	0
201	434	1
201	441	1
201	447	7
201	448	10
201	449	4
201	450	3
201	452	4
201	455	1
201	456	21
201	459	0
201	505	1
201	506	1
201	507	1
201	508	0
201	509	4
201	510	6
201	511	1
201	512	1
201	513	1
201	514	0
201	519	25
201	549	132
201	614	3
201	617	3
201	641	0
202	203	856
202	204	309
202	205	1
202	206	498
202	207	28
202	208	4
202	209	8
202	210	18
202	211	3
202	212	3
202	213	1
202	214	1
202	215	7
202	216	52
202	217	14
202	218	1
202	219	210
202	220	43
202	221	42
202	222	14
202	223	1
202	224	2
202	225	28
202	226	9
202	227	3
202	228	4
202	229	9
202	230	2
202	231	14
202	232	56
202	233	13
202	234	5
202	238	26
202	239	4
202	241	6
202	242	9
202	243	6
202	244	20
202	248	1
202	249	1
202	251	5
202	271	52
202	272	36
202	273	112
202	384	2
202	385	6
202	386	5
202	387	18
202	388	5
202	389	3
202	390	0
202	391	3
202	392	16
202	393	2
202	394	3
202	395	2
202	396	5
202	397	7
202	398	8
202	399	3
202	400	4
202	401	4
202	402	6
202	403	69
202	404	19
202	405	14
202	406	86
202	407	7
202	408	76
202	409	52
202	410	26
202	432	0
202	434	1
202	441	1
202	447	36
202	448	13
202	449	6
202	450	36
202	452	8
202	455	12
202	456	59
202	459	4
202	505	8
202	506	2
202	507	5
202	508	1
202	509	5
202	510	16
202	511	2
202	512	28
202	513	14
202	514	10
202	519	146
202	549	110
202	614	5
202	617	6
202	641	2
203	204	180
203	205	0
203	206	307
203	207	16
203	208	4
203	209	5
203	210	8
203	211	2
203	212	2
203	213	2
203	214	23
203	215	7
203	216	22
203	217	8
203	218	0
203	219	105
203	220	8
203	221	11
203	222	4
203	223	0
203	224	1
203	225	13
203	226	5
203	227	3
203	228	2
203	229	5
203	230	1
203	231	6
203	232	14
203	233	42
203	234	2
203	238	3
203	239	15
203	241	3
203	242	29
203	243	2
203	244	57
203	248	0
203	249	0
203	251	0
203	271	1
203	272	0
203	273	1
203	384	3
203	385	7
203	386	8
203	387	3
203	388	8
203	389	3
203	391	5
203	392	32
203	393	4
203	394	4
203	395	1
203	396	15
203	397	4
203	398	2
203	399	4
203	400	2
203	401	7
203	402	13
203	403	68
203	404	5
203	405	3
203	406	25
203	407	2
203	408	21
203	409	25
203	410	3
203	432	3
203	434	2
203	441	3
203	447	5
203	448	15
203	449	24
203	450	16
203	452	23
203	455	10
203	456	16
203	505	1
203	506	1
203	507	0
203	508	0
203	509	1
203	510	4
203	511	0
203	512	1
203	513	1
203	514	1
203	519	8
203	549	94
203	614	46
203	617	11
203	641	0
204	205	1
204	206	986
204	207	196
204	208	11
204	209	124
204	210	19
204	211	8
204	212	10
204	213	147
204	214	3
204	215	31
204	216	105
204	217	49
204	218	0
204	219	336
204	220	10
204	221	20
204	222	52
204	223	185
204	224	17
204	225	9
204	226	3
204	227	3
204	228	11
204	229	12
204	230	4
204	231	46
204	232	16
204	233	21
204	234	7
204	238	31
204	239	12
204	241	10
204	242	10
204	243	11
204	244	34
204	248	0
204	249	0
204	251	0
204	271	0
204	272	0
204	273	0
204	384	4
204	385	8
204	386	1
204	387	4
204	388	8
204	389	1
204	391	2
204	392	27
204	393	2
204	394	3
204	395	2
204	396	1
204	397	1
204	398	1
204	399	0
204	400	0
204	401	2
204	402	2
204	403	7
204	404	2
204	405	1
204	406	13
204	407	1
204	408	11
204	409	2
204	410	1
204	432	2
204	434	5
204	441	5
204	447	7
204	448	27
204	449	205
204	450	29
204	452	82
204	455	21
204	456	5
204	459	0
204	505	5
204	506	0
204	507	0
204	508	1
204	509	3
204	510	6
204	511	1
204	512	2
204	513	2
204	514	1
204	519	65
204	549	96
204	553	0
204	614	36
204	617	42
204	641	0
205	206	1
205	207	3
205	208	67
205	209	34
205	210	2
205	211	2
205	212	0
205	213	1
205	214	4
205	215	1
205	216	1
205	217	4
205	218	1
205	219	9
205	220	1
205	221	1
205	222	3
205	223	0
205	224	1
205	225	89
205	226	6
205	227	29
205	228	40
205	229	13
205	230	62
205	231	248
205	232	78
205	233	16
205	234	8
205	238	0
205	239	14
205	241	1
205	242	4
205	243	1
205	244	10
205	249	0
205	251	0
205	273	0
205	384	12
205	385	2
205	386	3
205	387	1
205	388	0
205	389	5
205	390	7
205	391	2
205	392	1
205	393	0
205	394	0
205	395	0
205	396	0
205	397	1
205	398	1
205	399	0
205	400	0
205	401	3
205	402	1
205	403	0
205	404	0
205	405	0
205	406	0
205	408	0
205	409	0
205	410	0
205	432	1
205	434	4
205	441	4
205	447	1
205	448	4
205	449	1
205	450	2
205	452	1
205	455	1
205	456	1
205	505	2
205	506	0
205	507	0
205	508	10
205	509	12
205	510	3
205	511	1
205	512	5
205	513	0
205	514	1
205	519	3
205	549	16
205	614	2
205	617	1
206	207	702
206	208	5
206	209	106
206	210	2
206	211	2
206	212	0
206	213	4
206	214	1
206	215	13
206	216	51
206	217	8
206	218	0
206	219	298
206	220	6
206	221	22
206	222	49
206	223	6
206	224	110
206	225	15
206	226	8
206	227	5
206	228	23
206	229	35
206	230	3
206	231	10
206	232	18
206	233	18
206	234	9
206	238	41
206	239	2
206	241	4
206	242	9
206	243	3
206	244	45
206	248	0
206	249	0
206	271	0
206	272	0
206	273	0
206	384	3
206	385	8
206	386	0
206	387	3
206	388	4
206	389	0
206	390	0
206	391	3
206	392	57
206	393	1
206	394	1
206	395	0
206	396	0
206	397	0
206	398	0
206	399	0
206	400	0
206	401	1
206	402	1
206	403	11
206	404	1
206	405	1
206	406	24
206	407	1
206	408	20
206	409	3
206	410	1
206	432	4
206	434	13
206	441	14
206	447	1
206	448	13
206	449	170
206	450	25
206	452	473
206	455	1
206	456	5
206	505	5
206	506	1
206	507	0
206	508	2
206	509	5
206	510	7
206	511	1
206	512	2
206	513	2
206	514	1
206	519	57
206	549	163
206	553	0
206	614	62
206	617	104
206	641	0
207	208	5
207	209	111
207	210	4
207	211	2
207	212	1
207	213	3
207	214	1
207	215	4
207	216	13
207	217	48
207	218	1
207	219	288
207	220	21
207	221	97
207	222	180
207	223	11
207	224	170
207	225	11
207	226	4
207	227	5
207	228	21
207	229	25
207	230	3
207	231	9
207	232	10
207	233	7
207	234	5
207	238	44
207	239	4
207	241	7
207	242	17
207	243	9
207	244	74
207	248	0
207	249	0
207	251	1
207	271	0
207	272	0
207	273	0
207	384	1
207	385	8
207	386	1
207	387	1
207	388	9
207	389	1
207	390	0
207	391	4
207	392	101
207	393	1
207	394	1
207	395	0
207	396	1
207	397	1
207	398	1
207	399	0
207	400	0
207	401	2
207	402	2
207	403	5
207	404	2
207	405	1
207	406	4
207	407	0
207	408	4
207	409	1
207	410	2
207	432	9
207	434	33
207	441	28
207	447	5
207	448	32
207	449	232
207	450	28
207	452	481
207	455	6
207	456	11
207	505	5
207	506	0
207	507	0
207	508	1
207	509	1
207	510	7
207	511	0
207	512	1
207	513	0
207	514	1
207	519	8
207	549	25
207	614	86
207	617	126
207	641	0
208	209	180
208	210	56
208	211	49
208	212	17
208	213	103
208	214	162
208	215	53
208	216	98
208	217	10
208	218	0
208	219	36
208	220	2
208	221	1
208	222	5
208	223	0
208	224	2
208	225	17
208	226	6
208	227	3
208	228	13
208	229	2
208	230	6
208	231	5
208	232	7
208	233	16
208	234	4
208	238	3
208	239	150
208	241	38
208	242	60
208	243	23
208	244	22
208	248	0
208	249	0
208	251	0
208	271	0
208	273	0
208	384	363
208	385	7
208	386	24
208	387	3
208	388	1
208	389	3
208	390	3
208	391	3
208	392	5
208	393	3
208	394	0
208	395	0
208	396	1
208	397	4
208	398	8
208	399	1
208	400	1
208	401	7
208	402	8
208	403	2
208	404	2
208	405	8
208	406	10
208	407	2
208	408	11
208	409	2
208	410	4
208	432	2
208	434	4
208	441	3
208	447	2
208	448	22
208	449	10
208	450	16
208	452	3
208	455	4
208	456	12
208	505	1
208	506	1
208	507	0
208	508	1
208	509	0
208	510	1
208	511	1
208	512	1
208	513	0
208	514	1
208	519	3
208	549	12
208	614	24
208	617	5
209	210	60
209	211	93
209	212	28
209	213	41
209	214	67
209	215	191
209	216	857
209	217	2
209	219	21
209	220	1
209	221	3
209	222	6
209	223	0
209	224	2
209	225	15
209	226	0
209	227	3
209	228	5
209	229	15
209	230	0
209	231	6
209	232	5
209	233	7
209	234	3
209	238	14
209	239	26
209	241	8
209	242	13
209	243	2
209	244	15
209	251	0
209	384	61
209	385	2
209	386	1
209	387	1
209	388	3
209	389	1
209	391	3
209	392	12
209	393	1
209	394	1
209	395	0
209	396	0
209	397	1
209	398	1
209	399	1
209	400	0
209	401	2
209	402	1
209	403	2
209	404	1
209	405	2
209	406	2
209	407	0
209	408	3
209	409	1
209	410	1
209	432	1
209	434	8
209	441	9
209	447	2
209	448	10
209	449	14
209	450	6
209	452	12
209	455	2
209	456	6
209	505	2
209	506	0
209	507	0
209	508	0
209	509	1
209	510	1
209	511	0
209	512	0
209	513	0
209	514	0
209	519	4
209	549	20
209	614	17
209	617	113
210	211	964
210	212	140
210	213	124
210	214	60
210	215	44
210	216	19
210	217	7
210	218	1
210	219	82
210	220	6
210	221	5
210	222	2
210	223	0
210	224	0
210	225	28
210	226	3
210	227	2
210	228	1
210	229	6
210	230	1
210	231	38
210	232	56
210	233	16
210	234	5
210	238	12
210	239	61
210	241	10
210	242	25
210	243	10
210	244	24
210	248	0
210	249	0
210	251	2
210	271	0
210	272	0
210	273	0
210	384	54
210	385	5
210	386	13
210	387	5
210	388	1
210	389	3
210	391	8
210	392	9
210	393	2
210	394	1
210	395	11
210	396	11
210	397	19
210	398	39
210	399	8
210	400	10
210	401	10
210	402	14
210	403	14
210	404	14
210	405	21
210	406	28
210	407	1
210	408	32
210	409	13
210	410	10
210	432	1
210	434	5
210	441	4
210	447	35
210	448	5
210	449	3
210	450	15
210	452	1
210	455	8
210	456	13
210	459	7
210	505	1
210	506	0
210	507	0
210	508	1
210	509	0
210	510	5
210	511	0
210	512	1
210	513	0
210	514	2
210	519	3
210	549	3
210	614	3
210	617	1
211	212	128
211	213	117
211	214	23
211	215	28
211	216	35
211	217	1
211	218	0
211	219	15
211	220	0
211	221	1
211	222	2
211	223	0
211	224	0
211	225	2
211	226	0
211	227	0
211	228	0
211	229	0
211	230	0
211	231	3
211	232	1
211	233	1
211	234	1
211	238	0
211	239	6
211	241	1
211	242	4
211	243	1
211	244	3
211	248	0
211	251	0
211	271	0
211	272	0
211	273	0
211	384	23
211	385	0
211	386	2
211	387	3
211	388	1
211	389	1
211	391	1
211	392	2
211	393	0
211	394	0
211	395	0
211	396	0
211	397	1
211	398	3
211	399	0
211	400	0
211	401	1
211	402	1
211	403	0
211	404	0
211	405	1
211	406	1
211	407	0
211	408	1
211	409	0
211	410	1
211	432	0
211	434	1
211	441	1
211	447	3
211	448	22
211	449	6
211	450	46
211	452	1
211	455	2
211	456	2
211	505	0
211	506	0
211	507	0
211	508	0
211	509	0
211	510	1
211	511	0
211	512	0
211	513	0
211	514	0
211	519	2
211	549	1
211	614	2
211	617	1
212	213	39
212	214	27
212	215	21
212	216	23
212	217	1
212	218	1
212	219	7
212	220	0
212	221	1
212	222	2
212	223	0
212	224	0
212	225	1
212	226	0
212	227	0
212	228	0
212	229	1
212	230	0
212	231	2
212	232	1
212	233	3
212	234	1
212	238	0
212	239	6
212	241	1
212	242	3
212	243	0
212	244	4
212	248	0
212	249	0
212	251	0
212	271	0
212	384	9
212	385	0
212	386	1
212	387	2
212	388	1
212	389	2
212	391	0
212	392	3
212	393	0
212	394	0
212	395	0
212	396	0
212	397	0
212	398	1
212	399	0
212	400	0
212	401	1
212	402	1
212	403	1
212	404	1
212	405	2
212	406	1
212	407	0
212	408	2
212	409	0
212	410	0
212	432	0
212	434	0
212	441	0
212	447	3
212	448	12
212	449	3
212	450	52
212	452	1
212	455	8
212	456	1
212	505	0
212	506	0
212	507	0
212	508	0
212	509	0
212	510	5
212	511	0
212	512	0
212	513	0
212	514	2
212	519	0
212	549	1
212	614	0
212	617	0
213	214	16
213	215	40
213	216	43
213	217	2
213	219	6
213	220	0
213	221	1
213	222	1
213	223	21
213	224	1
213	225	1
213	226	0
213	227	0
213	228	1
213	229	0
213	230	0
213	231	4
213	232	2
213	233	2
213	234	0
213	238	1
213	239	5
213	241	9
213	242	16
213	243	16
213	244	4
213	248	0
213	384	18
213	385	0
213	386	1
213	387	0
213	388	0
213	389	1
213	391	0
213	392	2
213	393	0
213	394	0
213	395	1
213	396	0
213	397	0
213	398	0
213	399	0
213	400	0
213	401	1
213	402	2
213	403	1
213	404	1
213	405	1
213	406	2
213	408	2
213	409	0
213	410	2
213	432	0
213	434	1
213	441	1
213	447	5
213	448	9
213	449	130
213	450	13
213	452	6
213	455	2
213	456	2
213	505	0
213	506	0
213	507	0
213	509	0
213	510	0
213	511	1
213	512	0
213	513	0
213	514	0
213	519	2
213	549	1
213	614	8
213	617	4
214	215	69
214	216	44
214	217	4
214	219	12
214	220	3
214	221	0
214	222	1
214	224	0
214	225	2
214	226	3
214	227	0
214	228	0
214	230	0
214	231	2
214	232	3
214	233	9
214	234	1
214	238	2
214	239	43
214	241	4
214	242	19
214	243	7
214	244	30
214	384	58
214	385	1
214	386	1
214	387	1
214	388	1
214	389	0
214	390	7
214	391	3
214	392	4
214	395	0
214	396	0
214	397	1
214	398	0
214	399	0
214	400	0
214	401	2
214	402	4
214	403	0
214	404	0
214	405	1
214	406	0
214	407	0
214	408	1
214	409	0
214	410	0
214	432	0
214	434	0
214	441	0
214	447	0
214	448	1
214	449	1
214	450	1
214	452	1
214	455	1
214	456	2
214	505	1
214	506	0
214	509	0
214	510	0
214	511	1
214	514	0
214	519	2
214	549	10
214	614	1
214	617	1
215	216	418
215	217	2
215	219	7
215	220	1
215	221	1
215	222	2
215	223	0
215	224	0
215	225	4
215	226	1
215	227	1
215	228	1
215	229	3
215	230	0
215	231	2
215	232	3
215	233	10
215	234	1
215	238	1
215	239	16
215	241	7
215	242	17
215	243	1
215	244	21
215	272	0
215	384	119
215	385	6
215	386	2
215	387	2
215	388	4
215	389	3
215	391	4
215	392	4
215	393	1
215	394	0
215	395	0
215	396	1
215	397	1
215	398	0
215	399	0
215	400	1
215	401	3
215	402	2
215	403	2
215	404	1
215	405	2
215	406	3
215	407	1
215	408	3
215	409	1
215	410	3
215	432	0
215	434	1
215	441	1
215	447	2
215	448	29
215	449	11
215	450	5
215	452	2
215	455	2
215	456	2
215	505	3
215	506	0
215	507	0
215	508	0
215	509	3
215	510	4
215	511	94
215	512	1
215	513	1
215	514	0
215	519	9
215	549	10
215	614	3
215	617	4
216	217	2
216	219	11
216	220	1
216	221	1
216	222	1
216	223	2
216	224	0
216	225	17
216	226	2
216	227	3
216	228	2
216	229	19
216	230	0
216	231	4
216	232	6
216	233	11
216	234	3
216	238	6
216	239	11
216	241	6
216	242	5
216	243	1
216	244	9
216	272	0
216	384	77
216	385	8
216	386	2
216	387	23
216	388	6
216	389	0
216	391	1
216	392	6
216	393	1
216	394	1
216	395	1
216	396	0
216	397	0
216	398	0
216	399	0
216	400	0
216	401	0
216	402	2
216	403	3
216	404	1
216	405	1
216	406	7
216	407	1
216	408	6
216	409	2
216	410	0
216	432	0
216	434	1
216	441	1
216	447	1
216	448	4
216	449	2
216	450	2
216	452	2
216	455	1
216	456	2
216	505	1
216	506	0
216	507	0
216	508	0
216	509	2
216	510	2
216	511	1
216	512	1
216	513	1
216	514	1
216	519	9
216	549	37
216	553	3
216	614	5
216	617	14
216	641	0
217	218	25
217	219	91
217	220	68
217	221	67
217	222	151
217	223	26
217	224	36
217	225	25
217	226	36
217	227	1
217	228	7
217	229	1
217	230	0
217	231	3
217	232	13
217	233	16
217	234	1
217	238	57
217	239	22
217	241	14
217	242	22
217	243	8
217	244	125
217	248	12
217	249	20
217	251	4
217	271	0
217	272	0
217	273	0
217	384	2
217	385	4
217	386	3
217	387	3
217	388	24
217	389	1
217	390	0
217	391	2
217	392	8
217	393	1
217	394	1
217	395	2
217	396	1
217	397	5
217	398	3
217	399	3
217	400	4
217	401	13
217	402	21
217	403	9
217	404	9
217	405	7
217	406	3
217	407	4
217	408	6
217	409	4
217	410	61
217	432	0
217	434	1
217	441	1
217	447	14
217	448	21
217	449	13
217	450	5
217	452	4
217	455	3
217	456	41
217	459	0
217	505	2
217	506	1
217	507	2
217	508	1
217	509	1
217	510	2
217	511	1
217	512	1
217	513	0
217	514	0
217	519	14
217	549	12
217	614	23
217	617	9
217	641	0
218	219	6
218	220	1
218	221	3
218	222	9
218	223	1
218	224	1
218	225	1
218	226	2
218	227	0
218	228	1
218	231	0
218	232	0
218	233	1
218	234	0
218	238	0
218	239	0
218	241	0
218	242	1
218	243	1
218	244	1
218	248	133
218	249	12
218	385	0
218	388	0
218	391	0
218	392	0
218	401	0
218	402	0
218	403	0
218	404	0
218	405	0
218	406	0
218	408	0
218	410	1
218	447	1
218	448	2
218	449	1
218	450	1
218	452	0
218	455	0
218	456	1
218	505	0
218	507	0
218	510	0
218	511	0
218	519	0
218	549	0
218	614	0
218	617	0
219	220	43
219	221	109
219	222	306
219	223	8
219	224	223
219	225	38
219	226	16
219	227	27
219	228	28
219	229	7
219	230	9
219	231	36
219	232	16
219	233	32
219	234	12
219	238	15
219	239	32
219	241	8
219	242	47
219	243	21
219	244	125
219	248	1
219	249	1
219	251	1
219	271	1
219	272	0
219	273	1
219	384	11
219	385	21
219	386	11
219	387	27
219	388	23
219	389	5
219	390	1
219	391	13
219	392	102
219	393	1
219	394	1
219	395	1
219	396	3
219	397	24
219	398	46
219	399	6
219	400	11
219	401	19
219	402	20
219	403	24
219	404	20
219	405	30
219	406	33
219	407	2
219	408	43
219	409	13
219	410	12
219	432	6
219	434	13
219	441	12
219	447	76
219	448	59
219	449	76
219	450	108
219	452	198
219	455	19
219	456	15
219	459	48
219	505	6
219	506	1
219	507	2
219	508	3
219	509	4
219	510	35
219	511	2
219	512	8
219	513	6
219	514	12
219	519	24
219	549	121
219	614	40
219	617	72
219	641	1
220	221	236
220	222	204
220	223	16
220	224	47
220	225	5
220	226	4
220	227	1
220	228	2
220	229	7
220	230	0
220	231	1
220	232	3
220	233	4
220	234	1
220	238	2
220	239	4
220	241	4
220	242	10
220	243	24
220	244	45
220	248	1
220	249	10
220	271	0
220	273	0
220	384	0
220	385	1
220	386	0
220	387	5
220	388	1
220	389	1
220	391	2
220	392	4
220	393	1
220	394	0
220	395	0
220	396	0
220	397	3
220	398	1
220	399	1
220	400	1
220	401	6
220	402	12
220	403	159
220	404	30
220	405	2
220	406	10
220	407	14
220	408	9
220	409	2
220	410	6
220	432	0
220	434	0
220	441	1
220	447	26
220	448	5
220	449	3
220	450	5
220	452	3
220	455	3
220	456	40
220	459	0
220	505	6
220	506	1
220	507	3
220	508	2
220	509	1
220	510	1
220	511	1
220	512	0
220	513	1
220	514	1
220	519	1
220	549	3
220	614	1
220	617	3
221	222	568
221	223	52
221	224	188
221	225	22
221	226	9
221	227	1
221	228	7
221	229	8
221	230	1
221	231	4
221	232	9
221	233	3
221	234	2
221	238	4
221	239	2
221	241	2
221	242	7
221	243	3
221	244	12
221	248	4
221	249	17
221	251	22
221	271	0
221	272	0
221	273	0
221	384	1
221	385	2
221	386	1
221	387	5
221	388	3
221	389	1
221	391	1
221	392	4
221	393	1
221	394	3
221	395	1
221	396	1
221	397	2
221	398	2
221	399	1
221	400	1
221	401	5
221	402	12
221	403	22
221	404	8
221	405	3
221	406	4
221	407	8
221	408	5
221	409	2
221	410	8
221	432	2
221	434	3
221	441	3
221	447	31
221	448	14
221	449	16
221	450	34
221	452	45
221	455	10
221	456	35
221	459	1
221	505	5
221	506	4
221	507	8
221	508	2
221	509	2
221	510	6
221	511	1
221	512	1
221	513	0
221	514	1
221	519	9
221	549	10
221	614	16
221	617	7
221	641	0
222	223	330
222	224	414
222	225	11
222	226	2
222	227	2
222	228	13
222	229	3
222	230	2
222	231	8
222	232	3
222	233	3
222	234	3
222	238	5
222	239	2
222	241	3
222	242	7
222	243	3
222	244	33
222	248	1
222	249	1
222	251	1
222	271	0
222	272	0
222	273	0
222	384	1
222	385	2
222	386	1
222	387	1
222	388	3
222	389	0
222	391	1
222	392	7
222	393	0
222	394	1
222	395	0
222	396	0
222	397	1
222	398	2
222	399	0
222	400	1
222	401	3
222	402	3
222	403	8
222	404	4
222	405	3
222	406	5
222	407	1
222	408	5
222	409	1
222	410	4
222	432	2
222	434	3
222	441	3
222	447	24
222	448	31
222	449	39
222	450	307
222	452	82
222	455	8
222	456	8
222	459	0
222	505	2
222	506	2
222	507	2
222	508	2
222	509	1
222	510	3
222	511	0
222	512	1
222	513	0
222	514	0
222	519	5
222	549	32
222	614	15
222	617	22
222	641	0
223	224	155
223	225	1
223	226	0
223	227	0
223	228	3
223	229	0
223	230	0
223	231	3
223	232	1
223	233	0
223	234	0
223	238	0
223	239	1
223	241	1
223	242	1
223	243	3
223	244	1
223	248	1
223	249	1
223	384	0
223	385	1
223	386	0
223	387	0
223	388	0
223	389	0
223	391	0
223	392	2
223	393	0
223	394	1
223	395	0
223	396	0
223	397	0
223	398	0
223	399	0
223	400	0
223	401	1
223	402	1
223	403	2
223	404	1
223	405	1
223	406	1
223	407	0
223	408	2
223	409	0
223	410	2
223	432	1
223	434	0
223	441	0
223	447	5
223	448	44
223	449	131
223	450	12
223	452	10
223	455	8
223	456	2
223	505	0
223	506	0
223	507	0
223	508	0
223	509	0
223	510	0
223	511	0
223	512	0
223	513	0
223	514	0
223	519	1
223	549	1
223	614	1
223	617	1
224	225	6
224	226	1
224	227	1
224	228	11
224	229	3
224	230	1
224	231	2
224	232	1
224	233	1
224	234	2
224	238	1
224	239	1
224	241	1
224	242	1
224	243	3
224	244	6
224	248	0
224	249	1
224	251	0
224	271	0
224	272	0
224	273	0
224	384	0
224	385	0
224	386	0
224	387	0
224	388	1
224	389	0
224	391	0
224	392	2
224	393	0
224	394	0
224	395	0
224	396	0
224	397	0
224	398	0
224	399	0
224	400	0
224	401	1
224	402	1
224	403	2
224	404	1
224	405	1
224	406	2
224	407	0
224	408	2
224	409	0
224	410	0
224	432	26
224	434	35
224	441	34
224	447	4
224	448	86
224	449	183
224	450	11
224	452	1175
224	455	1
224	456	1
224	459	0
224	505	0
224	506	0
224	507	0
224	508	0
224	509	0
224	510	1
224	511	0
224	512	0
224	513	0
224	514	0
224	519	2
224	549	3
224	614	100
224	617	6
224	641	0
225	226	403
225	227	400
225	228	559
225	229	375
225	230	15
225	231	77
225	232	49
225	233	56
225	234	16
225	238	5
225	239	31
225	241	6
225	242	79
225	243	60
225	244	31
225	248	8
225	249	7
225	251	5
225	271	1
225	272	1
225	273	0
225	384	5
225	385	9
225	386	102
225	387	9
225	388	6
225	389	310
225	390	31
225	391	62
225	392	21
225	393	17
225	394	4
225	395	11
225	396	18
225	397	20
225	398	25
225	399	8
225	400	15
225	401	24
225	402	92
225	403	13
225	404	14
225	405	8
225	406	6
225	407	2
225	408	10
225	409	12
225	410	33
225	432	75
225	434	44
225	441	66
225	447	26
225	448	18
225	449	6
225	450	20
225	452	9
225	455	69
225	456	20
225	459	10
225	505	4
225	506	3
225	507	5
225	508	24
225	509	5
225	510	23
225	511	5
225	512	20
225	513	4
225	514	6
225	519	5
225	549	33
225	553	0
225	614	10
225	617	4
225	641	3
226	227	247
226	228	64
226	229	48
226	230	25
226	231	9
226	232	25
226	233	11
226	234	8
226	238	5
226	239	7
226	241	5
226	242	36
226	243	40
226	244	51
226	248	3
226	249	3
226	251	3
226	271	5
226	272	2
226	273	9
226	384	2
226	385	3
226	386	15
226	387	4
226	388	2
226	389	92
226	390	170
226	391	19
226	392	18
226	393	2
226	394	3
226	395	1
226	396	4
226	397	4
226	398	3
226	399	1
226	400	2
226	401	12
226	402	53
226	403	12
226	404	12
226	405	1
226	406	2
226	407	1
226	408	2
226	409	3
226	410	7
226	432	14
226	434	3
226	441	9
226	447	10
226	448	5
226	449	2
226	450	3
226	452	2
226	455	21
226	456	7
226	459	3
226	505	3
226	506	6
226	507	6
226	508	12
226	509	4
226	510	27
226	511	3
226	512	12
226	513	5
226	514	3
226	519	4
226	549	16
226	614	12
226	617	1
226	641	1
227	228	188
227	229	127
227	230	17
227	231	59
227	232	38
227	233	29
227	234	23
227	238	1
227	239	8
227	241	2
227	242	17
227	243	24
227	244	5
227	249	0
227	251	0
227	271	4
227	272	6
227	273	3
227	384	2
227	385	3
227	386	6
227	387	30
227	388	4
227	389	88
227	390	2
227	391	10
227	392	13
227	393	7
227	394	0
227	395	0
227	396	6
227	397	5
227	398	6
227	399	1
227	400	2
227	401	5
227	402	13
227	403	1
227	404	1
227	405	1
227	406	1
227	407	2
227	408	1
227	409	4
227	410	1
227	432	57
227	434	15
227	441	38
227	447	4
227	448	5
227	449	2
227	450	8
227	452	2
227	455	19
227	456	5
227	459	1
227	505	14
227	506	7
227	507	4
227	508	244
227	509	17
227	510	124
227	511	18
227	512	90
227	513	20
227	514	26
227	519	1
227	549	42
227	614	11
227	617	6
227	641	13
228	229	465
228	230	18
228	231	57
228	232	21
228	233	7
228	234	8
228	238	2
228	239	2
228	241	2
228	242	8
228	243	15
228	244	9
228	248	0
228	249	0
228	251	0
228	271	0
228	272	0
228	273	0
228	384	1
228	385	1
228	386	3
228	387	1
228	388	3
228	389	16
228	390	2
228	391	2
228	392	9
228	393	2
228	394	2
228	395	0
228	396	1
228	397	1
228	398	2
228	399	1
228	400	0
228	401	2
228	402	5
228	403	4
228	404	2
228	405	2
228	406	2
228	407	0
228	408	2
228	409	1
228	410	1
228	432	69
228	434	53
228	441	69
228	447	7
228	448	40
228	449	30
228	450	19
228	452	26
228	455	6
228	456	4
228	459	0
228	505	1
228	506	1
228	507	1
228	508	4
228	509	2
228	510	9
228	511	1
228	512	14
228	513	1
228	514	1
228	519	2
228	549	31
228	614	26
228	617	15
228	641	0
229	230	4
229	231	14
229	232	29
229	233	8
229	234	5
229	238	1
229	239	3
229	241	5
229	242	7
229	243	8
229	244	5
229	248	0
229	249	0
229	271	0
229	273	0
229	384	4
229	385	4
229	386	6
229	387	0
229	388	4
229	389	58
229	390	4
229	391	4
229	392	7
229	393	31
229	394	5
229	395	26
229	396	31
229	397	2
229	398	2
229	399	2
229	400	0
229	401	2
229	402	11
229	403	12
229	404	4
229	405	1
229	406	2
229	407	1
229	408	2
229	409	2
229	410	1
229	432	99
229	434	72
229	441	92
229	447	2
229	448	4
229	449	6
229	450	3
229	452	11
229	455	5
229	456	2
229	459	1
229	505	0
229	506	0
229	507	0
229	508	2
229	509	4
229	510	4
229	511	0
229	512	3
229	513	1
229	514	1
229	519	2
229	549	53
229	553	4
229	614	26
229	617	20
230	231	169
230	232	140
230	233	85
230	234	73
230	238	1
230	239	1
230	241	1
230	242	7
230	243	2
230	244	10
230	249	0
230	251	0
230	271	0
230	272	0
230	273	1
230	384	0
230	385	0
230	386	1
230	387	1
230	388	0
230	389	2
230	391	1
230	392	2
230	393	0
230	394	0
230	395	0
230	396	0
230	397	2
230	398	2
230	399	0
230	400	0
230	401	1
230	402	5
230	403	0
230	404	0
230	405	0
230	406	0
230	407	0
230	408	0
230	409	1
230	410	1
230	432	6
230	434	42
230	441	39
230	447	1
230	448	1
230	449	1
230	450	4
230	452	1
230	455	1
230	456	3
230	505	1
230	506	1
230	507	0
230	508	11
230	509	4
230	510	8
230	511	3
230	512	18
230	513	2
230	514	1
230	519	0
230	549	25
230	614	4
230	617	1
231	232	650
231	233	506
231	234	90
231	238	2
231	239	8
231	241	6
231	242	17
231	243	6
231	244	10
231	248	0
231	249	1
231	251	3
231	271	1
231	272	1
231	273	1
231	274	0
231	384	3
231	385	9
231	386	14
231	387	11
231	388	1
231	389	5
231	391	6
231	392	7
231	393	2
231	394	2
231	395	2
231	396	3
231	397	18
231	398	39
231	399	7
231	400	6
231	401	6
231	402	10
231	403	16
231	404	15
231	405	13
231	406	12
231	407	6
231	408	16
231	409	20
231	410	5
231	432	15
231	434	88
231	441	82
231	447	39
231	448	27
231	449	33
231	450	124
231	452	24
231	455	17
231	456	8
231	459	6
231	505	9
231	506	3
231	507	1
231	508	46
231	509	22
231	510	31
231	511	4
231	512	54
231	513	9
231	514	5
231	519	7
231	549	81
231	553	0
231	614	19
231	617	10
231	641	0
232	233	227
232	234	85
232	238	7
232	239	21
232	241	7
232	242	24
232	243	7
232	244	19
232	248	4
232	249	3
232	251	12
232	271	4
232	272	4
232	273	5
232	384	3
232	385	10
232	386	21
232	387	8
232	388	2
232	389	4
232	390	1
232	391	3
232	392	6
232	393	9
232	394	7
232	395	22
232	396	24
232	397	11
232	398	12
232	399	5
232	400	4
232	401	7
232	402	11
232	403	29
232	404	45
232	405	11
232	406	12
232	407	9
232	408	16
232	409	14
232	410	6
232	432	4
232	434	32
232	441	48
232	447	35
232	448	22
232	449	9
232	450	36
232	452	10
232	455	40
232	456	39
232	459	1
232	505	19
232	506	5
232	507	3
232	508	140
232	509	19
232	510	47
232	511	22
232	512	58
232	513	32
232	514	10
232	519	17
232	549	56
232	553	0
232	614	15
232	617	16
232	641	4
233	234	37
233	238	4
233	239	39
233	241	11
233	242	44
233	243	9
233	244	60
233	248	2
233	249	1
233	251	1
233	271	1
233	272	1
233	273	1
233	384	5
233	385	41
233	386	35
233	387	42
233	388	13
233	389	9
233	390	1
233	391	11
233	392	7
233	393	4
233	394	1
233	395	2
233	396	7
233	397	9
233	398	14
233	399	3
233	400	6
233	401	20
233	402	18
233	403	4
233	404	3
233	405	2
233	406	4
233	407	9
233	408	4
233	409	4
233	410	12
233	432	4
233	434	24
233	441	23
233	447	19
233	448	5
233	449	9
233	450	9
233	452	8
233	455	19
233	456	7
233	459	1
233	505	5
233	506	6
233	507	1
233	508	43
233	509	8
233	510	22
233	511	3
233	512	18
233	513	5
233	514	7
233	519	7
233	549	40
233	614	5
233	617	4
233	641	1
234	238	3
234	239	4
234	241	2
234	242	16
234	243	3
234	244	13
234	248	0
234	249	0
234	251	1
234	271	7
234	272	6
234	273	8
234	384	2
234	385	3
234	386	14
234	387	2
234	388	1
234	389	4
234	390	1
234	391	4
234	392	3
234	393	2
234	394	1
234	395	2
234	396	2
234	397	32
234	398	45
234	399	3
234	400	4
234	401	10
234	402	47
234	403	6
234	404	8
234	405	12
234	406	10
234	407	1
234	408	11
234	409	9
234	410	3
234	432	2
234	434	6
234	441	7
234	447	24
234	448	25
234	449	7
234	450	40
234	452	4
234	455	16
234	456	11
234	459	24
234	505	6
234	506	6
234	507	1
234	508	69
234	509	21
234	510	24
234	511	4
234	512	92
234	513	19
234	514	7
234	519	2
234	549	73
234	614	15
234	617	5
234	641	1
238	239	39
238	241	4
238	242	36
238	243	3
238	244	25
238	248	1
238	249	1
238	251	0
238	271	0
238	272	0
238	273	0
238	384	2
238	385	3
238	386	1
238	387	5
238	388	19
238	389	4
238	391	3
238	392	14
238	393	6
238	394	4
238	395	2
238	396	6
238	397	3
238	398	2
238	399	1
238	400	2
238	401	4
238	402	18
238	403	24
238	404	30
238	405	10
238	406	18
238	407	8
238	408	14
238	409	4
238	410	6
238	432	0
238	434	0
238	441	1
238	447	8
238	448	5
238	449	2
238	450	2
238	452	8
238	455	3
238	456	12
238	459	1
238	505	22
238	506	1
238	507	1
238	508	2
238	509	1
238	510	5
238	511	1
238	512	3
238	513	1
238	514	6
238	519	60
238	549	15
238	614	3
238	617	7
238	641	0
239	241	31
239	242	88
239	243	14
239	244	100
239	248	1
239	249	1
239	251	2
239	271	2
239	272	0
239	273	0
239	384	39
239	385	16
239	386	18
239	387	11
239	388	9
239	389	12
239	390	4
239	391	9
239	392	29
239	393	4
239	394	2
239	395	1
239	396	7
239	397	12
239	398	8
239	399	4
239	400	8
239	401	16
239	402	23
239	403	9
239	404	6
239	405	6
239	406	8
239	407	11
239	408	9
239	409	18
239	410	9
239	432	2
239	434	2
239	441	3
239	447	13
239	448	40
239	449	9
239	450	13
239	452	12
239	455	13
239	456	11
239	459	1
239	505	4
239	506	3
239	507	1
239	508	2
239	509	1
239	510	4
239	511	1
239	512	3
239	513	0
239	514	3
239	519	53
239	549	34
239	614	17
239	617	5
239	641	0
241	242	28
241	243	88
241	244	93
241	248	0
241	249	0
241	251	0
241	271	0
241	272	0
241	273	0
241	384	10
241	385	2
241	386	9
241	387	2
241	388	0
241	389	2
241	390	0
241	391	3
241	392	3
241	393	0
241	394	1
241	395	1
241	396	1
241	397	8
241	398	8
241	399	3
241	400	8
241	401	28
241	402	13
241	403	6
241	404	4
241	405	13
241	406	50
241	407	5
241	408	43
241	409	13
241	410	23
241	432	1
241	434	7
241	441	7
241	447	4
241	448	6
241	449	17
241	450	10
241	452	6
241	455	3
241	456	5
241	459	1
241	505	1
241	506	0
241	507	0
241	508	1
241	509	0
241	510	1
241	511	1
241	512	0
241	513	0
241	514	0
241	519	9
241	549	52
241	553	3
241	614	21
241	617	38
241	641	0
242	243	364
242	244	308
242	248	1
242	249	2
242	251	1
242	271	0
242	384	40
242	385	14
242	386	29
242	387	10
242	388	8
242	389	28
242	390	32
242	391	33
242	392	190
242	393	3
242	394	1
242	395	1
242	396	6
242	397	25
242	398	27
242	399	3
242	400	5
242	401	136
242	402	35
242	403	5
242	404	5
242	405	4
242	406	5
242	407	2
242	408	5
242	409	3
242	410	20
242	432	7
242	434	49
242	441	43
242	447	32
242	448	20
242	449	11
242	450	12
242	452	8
242	455	28
242	456	33
242	459	2
242	505	4
242	506	2
242	507	1
242	508	5
242	509	1
242	510	7
242	511	2
242	512	2
242	513	0
242	514	4
242	519	18
242	549	13
242	614	18
242	617	10
242	641	0
243	244	86
243	248	0
243	249	2
243	251	0
243	271	0
243	273	0
243	384	3
243	385	2
243	386	9
243	387	3
243	388	10
243	389	12
243	390	16
243	391	6
243	392	26
243	393	1
243	394	1
243	395	0
243	396	8
243	397	3
243	398	3
243	399	1
243	400	1
243	401	26
243	402	16
243	403	2
243	404	2
243	405	14
243	406	23
243	407	0
243	408	23
243	409	12
243	410	13
243	432	8
243	434	13
243	441	14
243	447	7
243	448	8
243	449	57
243	450	7
243	452	22
243	455	19
243	456	54
243	505	1
243	506	2
243	507	2
243	508	2
243	509	0
243	510	2
243	511	1
243	512	1
243	513	0
243	514	1
243	519	4
243	549	3
243	614	21
243	617	13
243	641	0
244	248	0
244	249	1
244	251	1
244	271	0
244	272	0
244	273	0
244	384	12
244	385	11
244	386	30
244	387	9
244	388	19
244	389	11
244	390	29
244	391	27
244	392	150
244	393	1
244	394	1
244	395	2
244	396	2
244	397	10
244	398	9
244	399	4
244	400	8
244	401	99
244	402	42
244	403	5
244	404	4
244	405	5
244	406	8
244	407	3
244	408	8
244	409	3
244	410	35
244	432	2
244	434	5
244	441	4
244	447	11
244	448	12
244	449	15
244	450	24
244	452	18
244	455	8
244	456	75
244	459	2
244	505	5
244	506	2
244	507	2
244	508	4
244	509	2
244	510	10
244	511	1
244	512	1
244	513	1
244	514	2
244	519	30
244	549	86
244	614	7
244	617	10
244	641	0
248	249	192
248	271	0
248	385	0
248	387	2
248	388	0
248	389	0
248	391	0
248	392	0
248	394	0
248	395	0
248	397	0
248	398	0
248	399	1
248	400	0
248	401	1
248	402	2
248	403	1
248	404	1
248	405	0
248	406	0
248	407	0
248	408	0
248	409	0
248	410	2
248	447	4
248	448	1
248	449	1
248	450	1
248	452	0
248	455	1
248	456	1
248	505	0
248	506	1
248	507	6
248	508	0
248	509	0
248	510	6
248	511	0
248	512	0
248	514	0
248	519	0
248	549	0
248	614	0
248	617	0
248	641	0
249	251	14
249	271	0
249	272	0
249	384	0
249	385	1
249	386	0
249	387	1
249	388	1
249	389	0
249	391	0
249	392	0
249	393	0
249	394	0
249	395	0
249	397	1
249	398	2
249	399	0
249	400	1
249	401	0
249	402	2
249	403	6
249	404	1
249	405	0
249	406	0
249	407	0
249	408	1
249	409	0
249	410	5
249	434	0
249	447	2
249	448	1
249	449	0
249	450	5
249	452	0
249	455	1
249	456	4
249	505	0
249	506	1
249	507	3
249	509	0
249	510	5
249	512	0
249	513	0
249	514	0
249	519	2
249	549	1
249	614	0
249	617	0
251	271	0
251	273	0
251	384	0
251	385	2
251	386	0
251	387	1
251	388	1
251	389	2
251	390	0
251	391	1
251	392	0
251	393	0
251	394	1
251	395	0
251	396	0
251	397	5
251	398	6
251	399	1
251	400	2
251	401	2
251	402	2
251	403	0
251	404	1
251	405	1
251	406	0
251	407	0
251	408	1
251	409	2
251	410	0
251	432	0
251	434	0
251	441	0
251	447	7
251	448	2
251	449	1
251	450	30
251	452	1
251	455	2
251	456	18
251	505	0
251	506	0
251	507	0
251	508	0
251	509	0
251	510	5
251	511	1
251	512	1
251	513	0
251	514	1
251	519	3
251	549	1
251	614	0
251	617	0
271	272	924
271	273	1282
271	274	31
271	384	0
271	385	1
271	386	1
271	387	1
271	388	0
271	389	1
271	391	0
271	392	0
271	393	0
271	394	0
271	395	0
271	396	0
271	397	1
271	398	1
271	399	0
271	400	1
271	401	1
271	402	0
271	403	0
271	404	0
271	405	0
271	406	0
271	407	4
271	408	0
271	409	0
271	410	0
271	432	0
271	434	0
271	441	1
271	447	0
271	448	1
271	449	1
271	450	0
271	452	0
271	455	1
271	456	1
271	505	6
271	506	4
271	507	2
271	508	11
271	509	2
271	510	30
271	511	10
271	512	253
271	513	184
271	514	111
271	519	0
271	549	1
271	614	1
271	617	0
271	641	0
272	273	535
272	274	11
272	384	0
272	385	0
272	387	0
272	388	0
272	389	0
272	391	0
272	392	0
272	393	0
272	394	0
272	395	0
272	396	0
272	397	0
272	398	0
272	399	0
272	400	0
272	401	1
272	402	0
272	403	0
272	405	0
272	406	0
272	407	2
272	408	0
272	409	0
272	432	0
272	434	0
272	441	1
272	447	0
272	448	0
272	449	0
272	450	0
272	452	0
272	455	2
272	456	0
272	505	6
272	506	2
272	507	2
272	508	13
272	509	1
272	510	17
272	511	17
272	512	289
272	513	342
272	514	412
272	519	0
272	549	0
272	614	0
272	617	0
272	641	0
273	274	8
273	385	0
273	386	0
273	387	0
273	388	0
273	389	0
273	391	0
273	392	0
273	393	0
273	394	0
273	395	0
273	396	0
273	397	1
273	398	0
273	399	0
273	400	1
273	401	1
273	402	0
273	403	0
273	404	0
273	405	0
273	406	1
273	407	3
273	408	1
273	409	0
273	432	0
273	434	0
273	441	0
273	447	0
273	448	1
273	449	0
273	450	0
273	452	0
273	455	1
273	456	0
273	505	4
273	506	3
273	507	1
273	508	8
273	509	1
273	510	14
273	511	4
273	512	127
273	513	50
273	514	17
273	519	1
273	549	0
273	614	0
273	617	0
273	641	0
274	393	0
274	403	0
274	405	0
274	406	0
274	408	0
274	409	0
274	512	1
274	513	1
274	514	1
384	385	47
384	386	43
384	387	8
384	388	16
384	389	11
384	390	2
384	391	19
384	392	28
384	393	4
384	394	0
384	395	0
384	396	4
384	397	14
384	398	24
384	399	6
384	400	9
384	401	9
384	402	7
384	403	1
384	404	1
384	405	4
384	406	2
384	407	0
384	408	5
384	409	2
384	410	3
384	432	1
384	434	2
384	441	2
384	447	18
384	448	8
384	449	3
384	450	11
384	452	1
384	455	4
384	456	5
384	505	0
384	506	0
384	507	0
384	508	0
384	509	1
384	510	1
384	511	0
384	512	1
384	513	0
384	514	1
384	519	2
384	549	7
384	614	8
384	617	3
385	386	133
385	387	68
385	388	102
385	389	89
385	390	5
385	391	144
385	392	109
385	393	18
385	394	2
385	395	0
385	396	105
385	397	120
385	398	135
385	399	41
385	400	217
385	401	197
385	402	36
385	403	1
385	404	1
385	405	4
385	406	1
385	407	1
385	408	4
385	409	13
385	410	6
385	432	2
385	434	1
385	441	2
385	447	35
385	448	4
385	449	3
385	450	10
385	452	3
385	455	13
385	456	5
385	459	6
385	505	1
385	506	0
385	507	0
385	508	0
385	509	1
385	510	7
385	511	1
385	512	1
385	513	0
385	514	5
385	519	13
385	549	20
385	553	1
385	614	4
385	617	1
385	641	0
386	387	41
386	388	1
386	389	94
386	390	25
386	391	104
386	392	4
386	393	7
386	394	0
386	395	1
386	396	14
386	397	148
386	398	210
386	399	34
386	400	64
386	401	148
386	402	94
386	403	1
386	404	2
386	405	5
386	406	3
386	407	4
386	408	5
386	409	10
386	410	24
386	432	4
386	434	9
386	441	8
386	447	38
386	448	9
386	449	2
386	450	30
386	452	1
386	455	15
386	456	7
386	459	9
386	505	1
386	506	1
386	507	0
386	508	2
386	509	0
386	510	17
386	511	1
386	512	3
386	513	0
386	514	18
386	519	1
386	549	2
386	614	2
386	617	0
387	388	4
387	389	64
387	390	0
387	391	65
387	392	3
387	393	9
387	394	1
387	395	0
387	396	16
387	397	34
387	398	46
387	399	483
387	400	17
387	401	31
387	402	115
387	403	5
387	404	5
387	405	12
387	406	10
387	407	2
387	408	13
387	409	22
387	410	4
387	432	1
387	434	4
387	441	3
387	447	27
387	448	2
387	449	2
387	450	42
387	452	1
387	455	7
387	456	16
387	459	4
387	505	1
387	506	1
387	507	1
387	508	1
387	509	1
387	510	37
387	511	4
387	512	3
387	513	1
387	514	11
387	519	1
387	549	3
387	614	2
387	617	1
387	641	1
388	389	43
388	391	5
388	392	275
388	393	2
388	394	2
388	395	1
388	396	14
388	397	1
388	398	1
388	399	7
388	400	2
388	401	7
388	402	5
388	403	1
388	404	1
388	405	2
388	406	1
388	407	0
388	408	2
388	409	0
388	410	1
388	432	0
388	434	0
388	441	1
388	447	2
388	448	5
388	449	3
388	450	2
388	452	4
388	455	2
388	456	1
388	505	1
388	506	1
388	507	1
388	508	0
388	509	0
388	510	4
388	511	0
388	512	1
388	513	0
388	514	1
388	519	2
388	549	20
388	614	1
388	617	1
388	641	0
389	390	55
389	391	293
389	392	31
389	393	63
389	394	8
389	395	2
389	396	308
389	397	44
389	398	50
389	399	15
389	400	18
389	401	27
389	402	71
389	403	1
389	404	1
389	405	2
389	406	5
389	407	1
389	408	2
389	409	9
389	410	7
389	432	273
389	434	82
389	441	175
389	447	14
389	448	6
389	449	2
389	450	18
389	452	2
389	455	42
389	456	3
389	459	18
389	505	0
389	506	1
389	507	0
389	508	2
389	509	0
389	510	20
389	511	1
389	512	3
389	513	1
389	514	19
389	519	1
389	549	6
389	614	19
389	617	7
389	641	1
390	391	6
390	392	1
390	393	1
390	394	0
390	395	0
390	396	3
390	397	1
390	398	1
390	399	0
390	400	0
390	401	1
390	402	4
390	403	0
390	404	0
390	405	0
390	406	1
390	408	0
390	409	0
390	410	0
390	432	28
390	434	4
390	441	8
390	447	5
390	448	0
390	450	0
390	452	1
390	455	0
390	456	2
390	505	0
390	506	0
390	510	0
390	512	0
390	514	1
390	519	0
390	549	1
390	614	2
390	617	5
391	392	50
391	393	31
391	394	6
391	395	2
391	396	138
391	397	356
391	398	490
391	399	47
391	400	45
391	401	201
391	402	195
391	403	11
391	404	17
391	405	7
391	406	7
391	407	5
391	408	9
391	409	20
391	410	15
391	432	17
391	434	41
391	441	40
391	447	36
391	448	6
391	449	3
391	450	18
391	452	2
391	455	57
391	456	12
391	459	7
391	505	1
391	506	1
391	507	0
391	508	2
391	509	0
391	510	11
391	511	2
391	512	2
391	513	1
391	514	11
391	519	3
391	549	3
391	614	4
391	617	2
391	641	0
392	393	4
392	394	1
392	395	1
392	396	9
392	397	3
392	398	5
392	399	2
392	400	3
392	401	59
392	402	15
392	403	4
392	404	6
392	405	5
392	406	6
392	407	2
392	408	7
392	409	2
392	410	12
392	432	2
392	434	2
392	441	3
392	447	27
392	448	22
392	449	24
392	450	14
392	452	37
392	455	27
392	456	5
392	459	1
392	505	2
392	506	1
392	507	0
392	508	4
392	509	2
392	510	12
392	511	0
392	512	2
392	513	0
392	514	3
392	519	30
392	549	49
392	614	5
392	617	11
392	641	0
393	394	239
393	395	61
393	396	110
393	397	10
393	398	6
393	399	37
393	400	3
393	401	6
393	402	18
393	403	7
393	404	2
393	405	1
393	406	1
393	407	1
393	408	2
393	409	2
393	410	0
393	432	29
393	434	7
393	441	18
393	447	12
393	448	2
393	449	2
393	450	2
393	452	1
393	455	83
393	456	3
393	505	0
393	506	1
393	507	0
393	508	1
393	509	0
393	510	1
393	511	0
393	512	1
393	513	0
393	514	3
393	519	3
393	549	65
393	614	4
393	617	2
393	641	0
394	395	338
394	396	86
394	397	8
394	398	4
394	399	7
394	400	3
394	401	9
394	402	16
394	403	3
394	404	3
394	405	2
394	406	6
394	407	1
394	408	6
394	409	2
394	410	1
394	432	115
394	434	7
394	441	71
394	447	11
394	448	7
394	449	3
394	450	2
394	452	1
394	455	185
394	456	12
394	505	1
394	506	1
394	507	0
394	508	0
394	509	0
394	510	1
394	511	2
394	512	1
394	513	0
394	514	1
394	519	2
394	549	91
394	614	35
394	617	4
395	396	103
395	397	4
395	398	2
395	399	3
395	400	1
395	401	7
395	402	12
395	403	2
395	404	2
395	405	1
395	406	3
395	407	1
395	408	3
395	409	1
395	410	1
395	432	8
395	434	0
395	441	5
395	447	11
395	448	1
395	449	3
395	450	1
395	452	1
395	455	24
395	456	1
395	505	0
395	506	1
395	507	0
395	508	0
395	509	0
395	510	0
395	511	0
395	512	0
395	513	0
395	514	0
395	519	2
395	549	17
395	614	3
395	617	2
396	397	18
396	398	12
396	399	51
396	400	10
396	401	31
396	402	29
396	403	2
396	404	7
396	405	2
396	406	1
396	407	1
396	408	2
396	409	3
396	410	2
396	432	21
396	434	2
396	441	11
396	447	6
396	448	2
396	449	3
396	450	1
396	452	1
396	455	160
396	456	3
396	505	1
396	506	0
396	507	0
396	508	0
396	509	0
396	510	1
396	511	0
396	512	1
396	513	0
396	514	2
396	519	3
396	549	7
396	614	3
396	617	1
396	641	0
397	398	1286
397	399	281
397	400	1158
397	401	407
397	402	390
397	403	12
397	404	18
397	405	44
397	406	12
397	407	13
397	408	49
397	409	190
397	410	16
397	432	1
397	434	13
397	441	12
397	447	758
397	448	6
397	449	7
397	450	21
397	452	1
397	455	51
397	456	45
397	459	60
397	505	2
397	506	4
397	507	1
397	508	2
397	509	1
397	510	22
397	511	10
397	512	2
397	513	1
397	514	19
397	519	3
397	549	4
397	614	2
397	617	1
397	641	0
398	399	256
398	400	812
398	401	419
398	402	262
398	403	6
398	404	9
398	405	32
398	406	5
398	407	10
398	408	28
398	409	132
398	410	26
398	432	0
398	434	14
398	441	12
398	447	462
398	448	8
398	449	11
398	450	21
398	452	1
398	455	41
398	456	22
398	459	49
398	505	1
398	506	1
398	507	1
398	508	1
398	509	1
398	510	35
398	511	7
398	512	2
398	513	1
398	514	33
398	519	1
398	549	1
398	614	1
398	617	0
398	641	0
399	400	172
399	401	115
399	402	91
399	403	4
399	404	8
399	405	13
399	406	8
399	407	4
399	408	15
399	409	79
399	410	25
399	432	0
399	434	5
399	441	5
399	447	128
399	448	2
399	449	1
399	450	4
399	452	0
399	455	25
399	456	32
399	459	8
399	505	0
399	506	0
399	507	0
399	508	1
399	509	0
399	510	6
399	511	3
399	512	1
399	513	0
399	514	5
399	519	0
399	549	2
399	614	1
399	617	0
399	641	0
400	401	168
400	402	95
400	403	5
400	404	6
400	405	17
400	406	5
400	407	4
400	408	20
400	409	90
400	410	16
400	432	0
400	434	2
400	441	2
400	447	962
400	448	3
400	449	2
400	450	6
400	452	1
400	455	11
400	456	12
400	459	11
400	505	0
400	506	0
400	507	0
400	508	1
400	509	0
400	510	7
400	511	2
400	512	1
400	513	0
400	514	5
400	519	1
400	549	1
400	614	1
400	617	0
400	641	0
401	402	186
401	403	7
401	404	10
401	405	9
401	406	5
401	407	7
401	408	10
401	409	53
401	410	135
401	432	1
401	434	12
401	441	9
401	447	119
401	448	10
401	449	6
401	450	8
401	452	2
401	455	55
401	456	44
401	459	10
401	505	2
401	506	2
401	507	2
401	508	1
401	509	1
401	510	8
401	511	3
401	512	3
401	513	2
401	514	10
401	519	1
401	549	7
401	614	2
401	617	4
401	641	0
402	403	13
402	404	28
402	405	27
402	406	16
402	407	28
402	408	36
402	409	105
402	410	34
402	432	10
402	434	57
402	441	53
402	447	97
402	448	16
402	449	8
402	450	42
402	452	4
402	455	25
402	456	48
402	459	32
402	505	4
402	506	3
402	507	2
402	508	3
402	509	1
402	510	51
402	511	13
402	512	3
402	513	0
402	514	35
402	519	5
402	549	15
402	553	0
402	614	6
402	617	9
402	641	1
403	404	1007
403	405	133
403	406	140
403	407	138
403	408	182
403	409	86
403	410	7
403	432	1
403	434	0
403	441	1
403	447	50
403	448	10
403	449	21
403	450	9
403	452	10
403	455	11
403	456	25
403	459	1
403	505	22
403	506	2
403	507	14
403	508	1
403	509	2
403	510	13
403	511	1
403	512	3
403	513	1
403	514	2
403	519	11
403	549	5
403	614	34
403	617	3
403	641	2
404	405	260
404	406	174
404	407	112
404	408	280
404	409	183
404	410	12
404	432	1
404	434	1
404	441	1
404	447	39
404	448	8
404	449	7
404	450	15
404	452	3
404	455	6
404	456	26
404	459	3
404	505	4
404	506	1
404	507	9
404	508	2
404	509	2
404	510	11
404	511	1
404	512	2
404	513	1
404	514	3
404	519	4
404	549	2
404	614	43
404	617	2
404	641	0
405	406	834
405	407	55
405	408	1467
405	409	292
405	410	12
405	432	0
405	434	1
405	441	1
405	447	32
405	448	21
405	449	12
405	450	18
405	452	4
405	455	7
405	456	386
405	459	3
405	505	1
405	506	1
405	507	2
405	508	2
405	509	1
405	510	4
405	511	10
405	512	3
405	513	0
405	514	1
405	519	3
405	549	3
405	614	4
405	617	3
405	641	0
406	407	65
406	408	1404
406	409	213
406	410	6
406	432	0
406	434	1
406	441	1
406	447	14
406	448	16
406	449	32
406	450	48
406	452	20
406	455	3
406	456	357
406	459	1
406	505	5
406	506	1
406	507	1
406	508	2
406	509	2
406	510	5
406	511	4
406	512	2
406	513	1
406	514	1
406	519	71
406	549	17
406	614	21
406	617	32
406	641	1
407	408	101
407	409	61
407	410	2
407	432	0
407	434	0
407	441	0
407	447	9
407	448	1
407	449	2
407	450	1
407	452	1
407	455	2
407	456	5
407	459	1
407	505	22
407	506	1
407	507	82
407	508	0
407	509	3
407	510	38
407	511	5
407	512	5
407	513	2
407	514	16
407	519	4
407	549	1
407	614	1
407	617	0
407	641	1
408	409	335
408	410	13
408	432	0
408	434	1
408	441	1
408	447	32
408	448	23
408	449	35
408	450	45
408	452	19
408	455	7
408	456	72
408	459	3
408	505	4
408	506	1
408	507	3
408	508	2
408	509	1
408	510	6
408	511	10
408	512	3
408	513	1
408	514	2
408	519	57
408	549	14
408	614	16
408	617	26
408	641	1
409	410	10
409	432	0
409	434	2
409	441	2
409	447	51
409	448	5
409	449	12
409	450	7
409	452	5
409	455	9
409	456	14
409	459	8
409	505	1
409	506	1
409	507	1
409	508	1
409	509	1
409	510	27
409	511	4
409	512	1
409	513	0
409	514	12
409	519	2
409	549	13
409	614	10
409	617	17
409	641	0
410	432	0
410	434	2
410	441	1
410	447	27
410	448	8
410	449	3
410	450	2
410	452	1
410	455	6
410	456	30
410	459	1
410	505	3
410	506	2
410	507	2
410	508	0
410	509	0
410	510	3
410	511	1
410	512	1
410	513	0
410	514	1
410	519	1
410	549	1
410	614	0
410	617	0
432	434	413
432	441	1067
432	447	1
432	448	31
432	449	7
432	450	6
432	452	24
432	455	6
432	456	1
432	505	0
432	506	0
432	507	0
432	508	2
432	509	0
432	510	0
432	511	0
432	512	1
432	513	5
432	514	1
432	519	0
432	549	5
432	614	199
432	617	44
434	441	1755
434	447	6
434	448	57
434	449	12
434	450	9
434	452	46
434	455	9
434	456	3
434	459	1
434	505	0
434	506	0
434	507	0
434	508	4
434	509	1
434	510	1
434	511	1
434	512	3
434	513	3
434	514	1
434	519	1
434	549	6
434	614	295
434	617	239
434	641	0
441	447	7
441	448	80
441	449	16
441	450	12
441	452	45
441	455	11
441	456	3
441	459	1
441	505	0
441	506	1
441	507	0
441	508	4
441	509	1
441	510	2
441	511	1
441	512	4
441	513	4
441	514	1
441	519	1
441	549	9
441	614	324
441	617	224
441	641	0
447	448	73
447	449	47
447	450	48
447	452	8
447	455	150
447	456	134
447	459	25
447	505	8
447	506	8
447	507	13
447	508	5
447	509	13
447	510	16
447	511	3
447	512	8
447	513	2
447	514	5
447	519	4
447	549	2
447	614	7
447	617	1
447	641	1
448	449	198
448	450	163
448	452	138
448	455	40
448	456	85
448	459	0
448	505	3
448	506	2
448	507	3
448	508	1
448	509	1
448	510	5
448	511	1
448	512	3
448	513	1
448	514	1
448	519	6
448	549	6
448	614	263
448	617	27
448	641	0
449	450	128
449	452	436
449	455	26
449	456	11
449	459	0
449	505	3
449	506	1
449	507	1
449	508	2
449	509	1
449	510	7
449	511	1
449	512	2
449	513	1
449	514	1
449	519	4
449	549	7
449	614	67
449	617	17
449	641	0
450	452	52
450	455	28
450	456	39
450	459	4
450	505	7
450	506	5
450	507	8
450	508	9
450	509	3
450	510	30
450	511	1
450	512	4
450	513	1
450	514	6
450	519	8
450	549	16
450	614	62
450	617	14
450	641	0
452	455	4
452	456	5
452	459	0
452	505	2
452	506	1
452	507	0
452	508	1
452	509	0
452	510	1
452	511	0
452	512	1
452	513	1
452	514	0
452	519	7
452	549	11
452	614	117
452	617	24
452	641	0
455	456	26
455	459	3
455	505	5
455	506	4
455	507	3
455	508	3
455	509	2
455	510	7
455	511	1
455	512	12
455	513	3
455	514	7
455	519	3
455	549	14
455	614	7
455	617	4
455	641	0
456	459	10
456	505	49
456	506	20
456	507	62
456	508	2
456	509	44
456	510	7
456	511	11
456	512	3
456	513	1
456	514	1
456	519	9
456	549	9
456	614	7
456	617	3
456	641	0
459	505	0
459	507	0
459	510	4
459	511	1
459	512	0
459	514	2
459	519	0
459	614	0
505	506	356
505	507	998
505	508	166
505	509	400
505	510	82
505	511	220
505	512	149
505	513	84
505	514	61
505	519	2
505	549	8
505	614	2
505	617	2
505	641	95
506	507	226
506	508	67
506	509	210
506	510	78
506	511	37
506	512	140
506	513	25
506	514	12
506	519	1
506	549	4
506	614	3
506	617	1
506	641	110
507	508	52
507	509	678
507	510	106
507	511	72
507	512	81
507	513	17
507	514	11
507	519	2
507	549	2
507	614	1
507	617	0
507	641	148
508	509	74
508	510	74
508	511	48
508	512	294
508	513	184
508	514	47
508	519	0
508	549	5
508	614	3
508	617	1
508	641	13
509	510	112
509	511	123
509	512	134
509	513	83
509	514	9
509	519	2
509	549	29
509	614	3
509	617	1
509	641	24
510	511	96
510	512	237
510	513	104
510	514	245
510	519	2
510	549	30
510	614	2
510	617	1
510	641	599
511	512	61
511	513	14
511	514	9
511	519	2
511	549	3
511	614	1
511	617	1
511	641	8
512	513	742
512	514	418
512	519	2
512	549	16
512	614	3
512	617	1
512	641	142
513	514	538
513	519	2
513	549	17
513	614	5
513	617	1
513	641	17
514	519	2
514	549	11
514	614	1
514	617	0
514	641	5
519	549	29
519	614	4
519	617	6
519	641	1
549	553	7
549	614	13
549	617	44
549	641	2
614	617	350
614	641	0
617	641	0