33	34	398
33	35	556
33	36	244
33	38	127
33	39	32
33	40	35
33	41	85
33	42	63
33	43	76
33	44	50
33	45	18
33	46	24
33	49	24
33	60	14
33	65	79
33	68	9
33	70	24
33	71	3
33	74	42
33	97	5
33	98	7
33	99	5
33	114	0
33	139	20
33	154	3
33	155	40
33	156	10
33	157	34
33	158	35
33	161	1
33	164	107
33	166	0
33	167	0
33	169	4
33	170	1
33	171	1
33	173	1
33	174	9
33	175	2
33	176	2
33	177	0
33	178	0
33	180	2
33	181	1
33	182	1
33	183	1
33	184	0
33	185	1
33	187	2
33	236	2
33	240	15
33	284	0
33	285	10
33	286	6
33	288	22
33	289	10
33	290	27
33	291	1
33	292	1
33	293	5
33	297	24
33	311	9
33	326	0
33	327	5
33	346	53
33	347	55
33	350	35
33	351	0
33	352	12
33	353	1
33	354	42
33	355	2
33	356	356
33	357	1
33	358	3
33	359	0
33	360	128
33	361	19
33	362	3
33	363	29
33	364	29
33	365	27
33	366	10
33	367	5
33	368	33
33	369	22
33	370	4
33	371	63
33	372	38
33	373	23
33	374	9
33	375	2
33	376	169
33	380	10
33	381	1
33	382	21
33	451	2
33	496	2
33	534	1
33	537	1
33	538	0
33	539	0
33	540	1
33	552	0
33	559	0
33	573	1
33	596	4
33	642	2
34	35	206
34	36	386
34	38	76
34	39	14
34	40	10
34	41	12
34	42	7
34	43	6
34	44	18
34	45	15
34	46	6
34	49	3
34	60	1
34	65	18
34	68	5
34	70	8
34	71	10
34	74	6
34	97	1
34	98	1
34	99	2
34	114	1
34	139	2
34	154	1
34	155	17
34	156	4
34	157	15
34	158	23
34	164	11
34	166	0
34	167	0
34	168	0
34	169	0
34	171	0
34	172	0
34	173	0
34	174	1
34	175	0
34	176	0
34	177	0
34	178	0
34	180	1
34	181	0
34	182	0
34	183	0
34	184	0
34	185	0
34	187	0
34	236	0
34	240	1
34	250	1
34	284	0
34	285	1
34	286	2
34	288	3
34	289	2
34	290	7
34	291	0
34	292	0
34	293	1
34	297	5
34	311	1
34	326	0
34	327	0
34	346	2
34	347	2
34	350	3
34	352	1
34	353	1
34	354	15
34	355	1
34	356	134
34	357	1
34	358	2
34	360	5
34	361	2
34	362	1
34	363	3
34	364	1
34	365	2
34	366	1
34	367	0
34	368	4
34	369	1
34	370	0
34	371	9
34	372	4
34	373	3
34	374	2
34	375	1
34	376	42
34	380	0
34	381	0
34	382	0
34	451	1
34	496	1
34	534	0
34	537	0
34	538	0
34	539	0
34	540	0
34	552	7
34	559	0
34	596	1
34	642	3
35	36	365
35	38	175
35	39	365
35	40	162
35	41	145
35	42	64
35	43	75
35	44	103
35	45	44
35	46	115
35	49	37
35	60	30
35	65	98
35	68	13
35	70	62
35	71	27
35	74	352
35	97	12
35	98	18
35	99	21
35	114	3
35	139	29
35	154	10
35	155	111
35	156	55
35	157	114
35	158	97
35	161	1
35	164	262
35	166	0
35	167	1
35	169	6
35	170	1
35	171	2
35	172	1
35	173	1
35	174	24
35	175	4
35	176	3
35	177	0
35	178	1
35	180	4
35	181	1
35	182	7
35	183	4
35	184	1
35	185	4
35	187	6
35	236	3
35	240	11
35	250	1
35	284	5
35	285	26
35	286	27
35	288	90
35	289	41
35	290	81
35	291	3
35	292	3
35	293	21
35	297	59
35	311	17
35	326	4
35	327	28
35	346	134
35	347	148
35	350	173
35	351	1
35	352	31
35	353	3
35	354	129
35	355	6
35	356	210
35	357	8
35	358	11
35	359	11
35	360	300
35	361	29
35	362	13
35	363	39
35	364	64
35	365	62
35	366	6
35	367	8
35	368	38
35	369	17
35	370	8
35	371	164
35	372	133
35	373	54
35	374	56
35	375	19
35	376	178
35	380	11
35	381	2
35	382	35
35	451	8
35	496	7
35	534	27
35	537	3
35	538	0
35	539	1
35	540	2
35	552	2
35	559	1
35	573	0
35	596	20
35	642	17
36	38	56
36	39	58
36	40	29
36	41	120
36	42	376
36	43	50
36	44	202
36	45	152
36	46	236
36	49	11
36	60	7
36	65	44
36	68	4
36	70	7
36	71	6
36	74	34
36	97	2
36	98	2
36	99	2
36	114	2
36	139	6
36	154	1
36	155	26
36	156	9
36	157	17
36	158	23
36	161	0
36	164	37
36	167	0
36	169	1
36	171	1
36	172	0
36	173	1
36	174	2
36	175	1
36	176	0
36	177	1
36	178	0
36	180	22
36	181	1
36	182	2
36	183	2
36	184	1
36	185	1
36	187	2
36	236	3
36	240	17
36	250	5
36	284	0
36	285	3
36	286	2
36	288	7
36	289	3
36	290	9
36	291	0
36	292	0
36	293	1
36	297	15
36	311	3
36	326	2
36	327	0
36	346	12
36	347	13
36	350	12
36	351	0
36	352	4
36	353	0
36	354	14
36	355	1
36	356	88
36	357	3
36	358	18
36	359	2
36	360	38
36	361	20
36	362	12
36	363	26
36	364	7
36	365	8
36	366	5
36	367	0
36	368	14
36	369	7
36	370	1
36	371	14
36	372	11
36	373	6
36	374	2
36	375	2
36	376	62
36	380	2
36	381	0
36	382	3
36	451	20
36	496	1
36	534	2
36	537	0
36	538	1
36	539	0
36	540	0
36	552	2
36	559	0
36	573	0
36	596	3
36	642	2
38	39	26
38	40	18
38	41	10
38	42	3
38	43	51
38	44	69
38	45	12
38	46	6
38	49	10
38	60	10
38	65	65
38	68	1
38	70	23
38	71	3
38	74	14
38	97	7
38	98	8
38	99	7
38	114	0
38	139	57
38	154	2
38	155	48
38	156	6
38	157	37
38	158	39
38	161	0
38	164	107
38	166	3
38	167	2
38	169	10
38	170	2
38	171	57
38	172	1
38	173	2
38	174	21
38	175	1
38	176	3
38	177	4
38	178	2
38	180	2
38	181	2
38	182	2
38	183	25
38	184	3
38	185	5
38	187	4
38	236	63
38	240	52
38	250	7
38	284	0
38	285	9
38	286	6
38	288	20
38	289	10
38	290	26
38	291	3
38	292	1
38	293	14
38	297	31
38	311	7
38	326	87
38	327	2
38	346	58
38	347	61
38	350	11
38	351	2
38	352	14
38	353	5
38	354	16
38	355	4
38	356	40
38	357	1
38	358	5
38	359	4
38	360	154
38	361	222
38	362	25
38	363	248
38	364	50
38	365	32
38	366	8
38	367	18
38	368	127
38	369	17
38	370	6
38	371	71
38	372	22
38	373	58
38	374	23
38	375	1
38	376	28
38	380	7
38	381	4
38	382	14
38	451	3
38	496	3
38	534	46
38	537	2
38	538	2
38	539	2
38	540	4
38	552	21
38	559	1
38	573	1
38	596	2
38	642	1
39	40	725
39	41	367
39	42	78
39	43	143
39	44	33
39	45	24
39	46	19
39	49	21
39	60	2
39	65	21
39	68	3
39	70	4
39	71	13
39	74	189
39	97	3
39	98	2
39	99	3
39	114	0
39	139	4
39	154	3
39	155	33
39	156	63
39	157	24
39	158	37
39	161	0
39	164	85
39	166	0
39	167	0
39	168	0
39	169	1
39	171	1
39	172	0
39	173	0
39	174	2
39	175	0
39	176	0
39	177	0
39	178	0
39	180	2
39	181	1
39	182	6
39	183	2
39	184	1
39	185	0
39	187	1
39	236	1
39	240	3
39	284	0
39	285	2
39	286	5
39	288	9
39	289	4
39	290	6
39	291	1
39	292	0
39	293	3
39	297	7
39	311	1
39	326	1
39	327	1
39	346	3
39	347	3
39	350	6
39	351	0
39	352	1
39	353	0
39	354	11
39	355	0
39	356	27
39	357	1
39	358	3
39	359	1
39	360	6
39	361	2
39	362	7
39	363	2
39	364	2
39	365	2
39	366	3
39	367	0
39	368	3
39	369	0
39	370	0
39	371	6
39	372	7
39	373	3
39	374	4
39	375	3
39	376	24
39	380	0
39	381	0
39	382	1
39	451	4
39	496	2
39	534	110
39	537	1
39	538	0
39	539	1
39	540	0
39	552	0
39	559	3
39	573	0
39	596	3
39	642	0
40	41	24
40	42	5
40	43	23
40	44	11
40	45	9
40	46	5
40	49	24
40	60	3
40	65	17
40	68	1
40	70	3
40	71	3
40	74	48
40	97	1
40	98	2
40	99	2
40	114	1
40	139	4
40	154	3
40	155	26
40	156	9
40	157	21
40	158	28
40	161	0
40	164	30
40	167	0
40	168	1
40	169	3
40	171	1
40	173	0
40	174	3
40	175	0
40	176	1
40	178	0
40	180	0
40	181	3
40	182	1
40	183	1
40	184	0
40	185	1
40	187	1
40	236	0
40	240	2
40	284	0
40	285	1
40	286	2
40	288	7
40	289	2
40	290	4
40	291	0
40	292	0
40	293	1
40	297	4
40	311	1
40	326	0
40	327	1
40	346	4
40	347	4
40	350	6
40	351	2
40	352	2
40	353	0
40	354	16
40	355	1
40	356	15
40	357	1
40	358	3
40	359	1
40	360	13
40	361	5
40	362	18
40	363	8
40	364	3
40	365	3
40	366	4
40	368	6
40	369	0
40	370	0
40	371	8
40	372	9
40	373	7
40	374	7
40	375	3
40	376	13
40	380	0
40	382	1
40	451	1
40	496	1
40	534	10
40	537	0
40	538	0
40	539	1
40	540	0
40	552	1
40	596	1
40	642	0
41	42	907
41	43	1134
41	44	25
41	45	29
41	46	11
41	49	4
41	60	2
41	65	24
41	68	2
41	70	10
41	71	13
41	74	6
41	97	2
41	98	2
41	99	5
41	114	0
41	139	3
41	154	12
41	155	99
41	156	427
41	157	56
41	158	119
41	161	0
41	164	138
41	167	0
41	168	0
41	169	1
41	170	0
41	171	1
41	172	0
41	173	0
41	174	4
41	175	1
41	176	0
41	177	0
41	178	0
41	180	1
41	181	0
41	182	2
41	183	1
41	184	1
41	185	3
41	187	1
41	236	1
41	240	7
41	250	0
41	284	1
41	285	9
41	286	11
41	288	27
41	289	9
41	290	17
41	291	1
41	292	3
41	293	4
41	297	9
41	311	2
41	326	2
41	327	4
41	346	6
41	347	8
41	350	6
41	351	0
41	352	2
41	353	1
41	354	12
41	355	1
41	356	249
41	357	2
41	358	2
41	359	3
41	360	15
41	361	7
41	362	19
41	363	2
41	364	5
41	365	4
41	366	1
41	367	1
41	368	7
41	369	0
41	370	1
41	371	12
41	372	16
41	373	5
41	374	5
41	375	1
41	376	195
41	380	1
41	381	0
41	382	3
41	451	8
41	496	1
41	534	3
41	537	0
41	538	0
41	539	0
41	540	0
41	552	0
41	559	3
41	573	0
41	596	3
41	642	3
42	43	453
42	44	78
42	45	83
42	46	12
42	49	3
42	60	1
42	65	12
42	68	0
42	70	1
42	71	1
42	74	2
42	97	1
42	98	0
42	99	0
42	114	0
42	139	1
42	154	1
42	155	25
42	156	73
42	157	9
42	158	22
42	164	24
42	167	0
42	169	0
42	171	0
42	172	0
42	174	0
42	175	0
42	177	1
42	178	0
42	180	1
42	181	0
42	182	0
42	183	1
42	184	0
42	185	1
42	187	0
42	236	0
42	240	26
42	250	1
42	284	0
42	285	0
42	286	1
42	288	3
42	289	1
42	290	2
42	291	0
42	292	0
42	293	0
42	297	1
42	311	0
42	326	0
42	327	0
42	346	1
42	347	1
42	350	3
42	352	1
42	353	1
42	354	4
42	355	1
42	356	301
42	357	3
42	358	5
42	359	16
42	360	2
42	361	6
42	362	23
42	363	1
42	364	0
42	365	1
42	366	1
42	367	0
42	368	3
42	370	0
42	371	2
42	372	3
42	373	1
42	374	1
42	375	3
42	376	231
42	380	0
42	381	0
42	382	0
42	451	48
42	496	0
42	534	1
42	537	0
42	538	0
42	539	0
42	540	0
42	552	0
42	559	0
42	596	0
42	642	1
43	44	6
43	45	5
43	46	5
43	49	4
43	60	2
43	65	13
43	68	1
43	70	8
43	71	2
43	74	2
43	97	3
43	98	4
43	99	3
43	114	0
43	139	7
43	154	6
43	155	58
43	156	190
43	157	32
43	158	60
43	161	0
43	164	59
43	167	1
43	168	0
43	169	6
43	171	1
43	172	0
43	173	1
43	174	8
43	175	1
43	176	1
43	177	0
43	178	1
43	180	0
43	181	0
43	182	1
43	183	1
43	184	0
43	185	12
43	187	1
43	236	9
43	240	2
43	250	1
43	284	0
43	285	1
43	286	8
43	288	14
43	289	3
43	290	8
43	291	0
43	292	0
43	293	2
43	297	4
43	311	1
43	326	25
43	327	1
43	346	2
43	347	1
43	350	3
43	352	0
43	353	0
43	354	6
43	355	1
43	356	275
43	357	3
43	358	1
43	359	0
43	360	3
43	361	17
43	362	26
43	363	3
43	364	6
43	365	5
43	366	6
43	367	1
43	368	12
43	369	0
43	370	1
43	371	4
43	372	5
43	373	7
43	374	5
43	375	1
43	376	208
43	380	0
43	381	0
43	382	1
43	451	1
43	496	7
43	534	4
43	537	0
43	538	1
43	539	1
43	540	1
43	559	2
43	596	1
43	642	1
44	45	103
44	46	431
44	49	17
44	60	49
44	65	101
44	68	6
44	70	23
44	71	11
44	74	44
44	97	6
44	98	17
44	99	12
44	114	1
44	139	80
44	154	6
44	155	243
44	156	53
44	157	110
44	158	313
44	161	0
44	164	162
44	166	0
44	167	0
44	168	1
44	169	6
44	170	0
44	171	2
44	172	1
44	173	0
44	174	12
44	175	1
44	176	6
44	177	2
44	178	1
44	180	10
44	181	1
44	182	4
44	183	7
44	184	3
44	185	7
44	187	3
44	236	6
44	240	19
44	250	1
44	284	0
44	285	9
44	286	6
44	288	23
44	289	8
44	290	34
44	291	1
44	292	1
44	293	6
44	297	44
44	311	11
44	326	2
44	327	2
44	346	34
44	347	35
44	350	10
44	351	0
44	352	12
44	353	2
44	354	29
44	355	3
44	356	62
44	357	2
44	358	29
44	359	38
44	360	209
44	361	12
44	362	29
44	363	13
44	364	19
44	365	29
44	366	7
44	367	0
44	368	22
44	369	3
44	370	4
44	371	32
44	372	33
44	373	15
44	374	7
44	375	4
44	376	59
44	380	10
44	381	2
44	382	17
44	451	30
44	496	1
44	534	4
44	537	3
44	538	1
44	539	2
44	540	1
44	552	1
44	559	1
44	573	1
44	596	12
44	642	3
45	46	483
45	49	38
45	60	4
45	65	7
45	68	7
45	70	8
45	71	5
45	74	5
45	97	3
45	98	2
45	99	5
45	114	406
45	139	3
45	154	1
45	155	14
45	156	5
45	157	8
45	158	13
45	161	0
45	164	9
45	166	1
45	167	1
45	169	3
45	171	2
45	172	1
45	173	1
45	174	7
45	175	1
45	176	3
45	177	1
45	178	1
45	180	9
45	181	15
45	182	8
45	183	7
45	184	1
45	185	31
45	187	3
45	236	4
45	240	15
45	250	2
45	284	0
45	285	1
45	286	3
45	288	3
45	289	3
45	290	5
45	291	1
45	292	3
45	293	4
45	297	5
45	311	2
45	326	1
45	327	0
45	346	1
45	347	1
45	350	8
45	351	0
45	352	0
45	353	2
45	354	17
45	355	1
45	356	17
45	357	9
45	358	225
45	359	43
45	360	1
45	361	3
45	362	2
45	363	0
45	364	1
45	365	1
45	366	2
45	368	2
45	369	0
45	370	0
45	371	2
45	372	2
45	373	1
45	374	3
45	375	27
45	376	4
45	380	1
45	381	0
45	382	1
45	451	37
45	496	0
45	534	12
45	537	1
45	538	0
45	539	1
45	540	1
45	552	36
45	559	3
45	573	2
45	596	2
45	642	3
46	49	14
46	60	1
46	65	7
46	68	4
46	70	4
46	71	16
46	74	47
46	97	2
46	98	1
46	99	3
46	114	1
46	139	4
46	154	1
46	155	46
46	156	5
46	157	14
46	158	62
46	164	7
46	167	0
46	168	2
46	169	1
46	171	1
46	172	0
46	173	0
46	174	1
46	175	0
46	176	0
46	177	0
46	178	0
46	180	25
46	181	1
46	182	3
46	183	2
46	184	0
46	185	0
46	187	1
46	236	0
46	240	2
46	284	0
46	285	1
46	286	6
46	288	3
46	289	4
46	290	33
46	291	0
46	292	0
46	293	1
46	297	4
46	311	0
46	346	1
46	347	1
46	350	2
46	352	1
46	353	1
46	354	2
46	356	4
46	357	3
46	358	12
46	359	17
46	360	3
46	361	1
46	362	1
46	363	0
46	364	0
46	365	0
46	366	4
46	368	5
46	369	1
46	371	1
46	372	2
46	373	0
46	374	1
46	375	0
46	376	7
46	380	1
46	381	2
46	382	0
46	451	10
46	496	1
46	534	3
46	537	0
46	538	0
46	539	1
46	540	0
46	552	11
46	559	1
46	596	2
46	642	2
49	60	93
49	65	31
49	68	52
49	70	34
49	71	57
49	74	7
49	97	130
49	98	82
49	99	17
49	114	1
49	139	18
49	154	10
49	155	45
49	156	8
49	157	24
49	158	48
49	161	2
49	164	38
49	166	0
49	167	1
49	168	1
49	169	11
49	170	1
49	171	5
49	172	8
49	173	2
49	174	12
49	175	3
49	176	4
49	177	0
49	178	1
49	180	7
49	181	7
49	182	97
49	183	59
49	184	32
49	185	3
49	187	59
49	236	6
49	240	6
49	250	1
49	284	0
49	285	16
49	286	14
49	288	18
49	289	12
49	290	29
49	291	7
49	292	4
49	293	19
49	297	19
49	311	36
49	326	9
49	327	4
49	346	16
49	347	19
49	350	3
49	351	0
49	352	10
49	353	1
49	354	7
49	355	0
49	356	7
49	357	4
49	358	16
49	359	9
49	360	54
49	361	4
49	362	2
49	363	3
49	364	10
49	365	6
49	366	13
49	367	3
49	368	2
49	369	1
49	370	9
49	371	27
49	372	8
49	373	10
49	374	5
49	375	3
49	376	4
49	380	15
49	381	3
49	382	29
49	451	5
49	496	22
49	534	11
49	537	2
49	538	2
49	539	3
49	540	2
49	552	1
49	559	3
49	573	1
49	596	4
49	642	5
60	65	29
60	68	17
60	70	45
60	71	9
60	74	6
60	97	131
60	98	25
60	99	10
60	114	0
60	139	75
60	154	6
60	155	40
60	156	14
60	157	33
60	158	32
60	161	40
60	164	90
60	166	1
60	167	0
60	168	0
60	169	13
60	170	9
60	171	5
60	172	1
60	173	5
60	174	9
60	175	5
60	176	4
60	177	1
60	178	1
60	180	4
60	181	1
60	182	6
60	183	3
60	184	3
60	185	5
60	187	9
60	236	7
60	240	177
60	284	0
60	285	15
60	286	9
60	288	17
60	289	8
60	290	22
60	291	1
60	292	1
60	293	7
60	297	19
60	311	57
60	326	1
60	327	4
60	346	27
60	347	35
60	350	3
60	351	1
60	352	17
60	353	0
60	354	14
60	355	1
60	356	14
60	357	1
60	358	25
60	359	1
60	360	146
60	361	3
60	362	18
60	363	4
60	364	14
60	365	18
60	366	28
60	367	5
60	368	5
60	369	2
60	370	8
60	371	41
60	372	15
60	373	12
60	374	2
60	375	0
60	376	12
60	380	196
60	381	28
60	382	219
60	451	4
60	496	35
60	534	1
60	537	3
60	538	2
60	539	1
60	540	2
60	552	0
60	559	11
60	573	1
60	596	6
60	642	451
65	68	43
65	70	874
65	71	640
65	74	39
65	97	128
65	98	146
65	99	296
65	114	2
65	139	184
65	154	42
65	155	239
65	156	88
65	157	206
65	158	265
65	161	2
65	164	190
65	166	0
65	167	1
65	168	0
65	169	10
65	170	4
65	171	3
65	172	0
65	173	0
65	174	19
65	175	3
65	176	10
65	177	1
65	178	1
65	180	1
65	181	1
65	182	4
65	183	2
65	184	1
65	185	5
65	187	2
65	236	7
65	240	44
65	250	0
65	284	1
65	285	57
65	286	96
65	288	106
65	289	35
65	290	441
65	291	4
65	292	6
65	293	66
65	297	68
65	311	19
65	326	1
65	327	10
65	346	108
65	347	92
65	350	28
65	351	1
65	352	49
65	353	0
65	354	126
65	355	32
65	356	93
65	357	439
65	358	2
65	359	34
65	360	228
65	361	6
65	362	16
65	363	14
65	364	35
65	365	209
65	366	3
65	367	1
65	368	12
65	369	7
65	370	5
65	371	94
65	372	33
65	373	26
65	374	6
65	375	12
65	376	370
65	380	20
65	381	3
65	382	53
65	451	10
65	496	120
65	534	97
65	537	9
65	538	1
65	539	6
65	540	1
65	552	1
65	559	3
65	573	0
65	596	16
65	642	1
68	70	82
68	71	437
68	74	17
68	97	110
68	98	42
68	99	24
68	114	0
68	139	22
68	154	378
68	155	180
68	156	54
68	157	246
68	158	267
68	161	3
68	164	183
68	166	0
68	167	0
68	168	0
68	169	5
68	170	1
68	171	8
68	172	1
68	173	3
68	174	5
68	175	2
68	176	3
68	177	0
68	178	1
68	180	5
68	181	2
68	182	4
68	183	3
68	184	3
68	185	2
68	187	6
68	236	70
68	240	7
68	250	0
68	284	2
68	285	11
68	286	174
68	288	232
68	289	219
68	290	159
68	291	4
68	292	2
68	293	139
68	297	19
68	311	8
68	326	0
68	327	0
68	346	8
68	347	15
68	350	4
68	351	0
68	352	6
68	353	0
68	354	5
68	355	0
68	356	4
68	357	6
68	358	0
68	359	4
68	360	8
68	361	1
68	362	0
68	363	0
68	364	2
68	365	2
68	366	5
68	367	0
68	368	1
68	369	0
68	370	1
68	371	5
68	372	3
68	373	3
68	374	2
68	375	1
68	376	6
68	380	0
68	381	1
68	382	3
68	451	2
68	496	46
68	534	3
68	537	2
68	538	3
68	539	1
68	540	3
68	552	3
68	559	118
68	573	5
68	596	5
68	642	0
70	71	397
70	74	20
70	97	325
70	98	310
70	99	817
70	114	3
70	139	60
70	154	102
70	155	279
70	156	115
70	157	256
70	158	320
70	161	1
70	164	162
70	166	0
70	167	2
70	168	0
70	169	4
70	170	0
70	171	4
70	172	1
70	173	0
70	174	20
70	175	5
70	176	3
70	177	0
70	178	0
70	180	1
70	181	1
70	182	5
70	183	2
70	184	4
70	185	2
70	187	5
70	236	3
70	240	9
70	250	0
70	284	6
70	285	197
70	286	358
70	288	292
70	289	115
70	290	1089
70	291	10
70	292	15
70	293	263
70	297	152
70	311	82
70	326	1
70	327	34
70	346	156
70	347	154
70	350	43
70	351	1
70	352	48
70	353	0
70	354	75
70	355	13
70	356	71
70	357	221
70	358	1
70	359	33
70	360	217
70	361	4
70	362	5
70	363	10
70	364	52
70	365	100
70	366	11
70	367	2
70	368	6
70	369	2
70	370	18
70	371	175
70	372	48
70	373	30
70	374	6
70	375	12
70	376	199
70	380	18
70	381	2
70	382	87
70	451	5
70	496	291
70	534	62
70	537	7
70	538	1
70	539	10
70	540	3
70	552	0
70	559	6
70	573	0
70	596	35
70	642	6
71	74	339
71	97	148
71	98	75
71	99	135
71	114	1
71	139	123
71	154	73
71	155	143
71	156	37
71	157	153
71	158	211
71	161	1
71	164	60
71	166	0
71	167	1
71	168	0
71	169	2
71	170	0
71	171	9
71	172	0
71	173	0
71	174	3
71	175	2
71	176	1
71	177	0
71	178	0
71	180	1
71	181	1
71	182	6
71	183	2
71	184	3
71	185	1
71	187	3
71	236	9
71	240	7
71	250	0
71	284	1
71	285	33
71	286	65
71	288	60
71	289	43
71	290	194
71	291	5
71	292	2
71	293	41
71	297	20
71	311	6
71	326	0
71	327	1
71	346	20
71	347	13
71	350	6
71	351	0
71	352	7
71	353	0
71	354	34
71	355	6
71	356	19
71	357	195
71	358	1
71	359	23
71	360	12
71	361	1
71	362	1
71	363	1
71	364	3
71	365	53
71	366	3
71	367	0
71	368	2
71	369	0
71	370	1
71	371	9
71	372	4
71	373	3
71	374	1
71	375	13
71	376	148
71	380	1
71	381	1
71	382	3
71	451	9
71	496	44
71	534	10
71	537	5
71	538	1
71	539	4
71	540	2
71	552	4
71	559	178
71	573	0
71	596	16
71	642	1
74	97	17
74	98	5
74	99	5
74	114	2
74	139	24
74	154	3
74	155	28
74	156	6
74	157	24
74	158	45
74	161	0
74	164	52
74	167	1
74	168	0
74	169	1
74	170	0
74	171	1
74	172	0
74	173	0
74	174	5
74	175	1
74	176	0
74	177	0
74	178	0
74	180	1
74	181	0
74	182	2
74	183	1
74	184	0
74	185	1
74	187	2
74	236	1
74	240	5
74	284	0
74	285	6
74	286	6
74	288	17
74	289	9
74	290	15
74	291	1
74	292	1
74	293	6
74	297	14
74	311	4
74	326	0
74	327	13
74	346	56
74	347	56
74	350	20
74	351	0
74	352	8
74	353	1
74	354	41
74	355	1
74	356	11
74	357	3
74	358	1
74	359	2
74	360	100
74	361	2
74	362	2
74	363	5
74	364	13
74	365	24
74	366	2
74	367	7
74	368	5
74	369	1
74	370	2
74	371	48
74	372	23
74	373	11
74	374	6
74	375	12
74	376	27
74	380	3
74	381	1
74	382	10
74	451	22
74	496	5
74	534	8
74	537	1
74	538	1
74	539	1
74	540	1
74	552	0
74	559	5
74	573	0
74	596	4
74	642	5
97	98	471
97	99	572
97	114	0
97	139	25
97	154	89
97	155	149
97	156	25
97	157	145
97	158	176
97	161	3
97	164	89
97	166	0
97	167	3
97	168	1
97	169	16
97	170	3
97	171	41
97	172	1
97	173	2
97	174	19
97	175	11
97	176	9
97	177	0
97	178	2
97	180	1
97	181	0
97	182	10
97	183	5
97	184	5
97	185	3
97	187	59
97	236	9
97	240	9
97	250	0
97	284	1
97	285	31
97	286	60
97	288	90
97	289	36
97	290	205
97	291	8
97	292	15
97	293	92
97	297	27
97	311	32
97	326	1
97	327	3
97	346	90
97	347	33
97	350	5
97	351	1
97	352	6
97	353	0
97	354	11
97	355	4
97	356	8
97	357	35
97	358	1
97	359	1
97	360	61
97	361	1
97	362	1
97	363	3
97	364	35
97	365	19
97	366	12
97	367	3
97	368	3
97	369	1
97	370	11
97	371	34
97	372	12
97	373	21
97	374	16
97	375	1
97	376	28
97	380	9
97	381	11
97	382	25
97	451	4
97	496	124
97	534	5
97	537	6
97	538	13
97	539	12
97	540	5
97	552	1
97	559	70
97	573	0
97	596	17
97	642	12
98	99	452
98	114	1
98	139	29
98	154	154
98	155	312
98	156	54
98	157	383
98	158	382
98	161	37
98	164	290
98	166	0
98	167	9
98	168	2
98	169	62
98	170	4
98	171	24
98	172	9
98	173	11
98	174	53
98	175	51
98	176	32
98	177	1
98	178	7
98	180	2
98	181	0
98	182	23
98	183	12
98	184	18
98	185	22
98	187	175
98	236	23
98	240	32
98	250	1
98	284	2
98	285	40
98	286	76
98	288	277
98	289	37
98	290	324
98	291	20
98	292	11
98	293	92
98	297	68
98	311	23
98	326	2
98	327	134
98	346	134
98	347	39
98	350	10
98	351	2
98	352	10
98	353	1
98	354	15
98	355	3
98	356	34
98	357	31
98	358	4
98	359	2
98	360	103
98	361	2
98	362	3
98	363	2
98	364	167
98	365	23
98	366	5
98	367	10
98	368	24
98	369	9
98	370	6
98	371	83
98	372	105
98	373	67
98	374	79
98	375	5
98	376	30
98	380	25
98	381	28
98	382	98
98	451	3
98	496	138
98	534	5
98	537	54
98	538	46
98	539	46
98	540	15
98	552	0
98	559	1
98	573	0
98	596	16
98	642	8
99	114	1
99	139	36
99	154	112
99	155	233
99	156	114
99	157	190
99	158	202
99	161	4
99	164	245
99	166	0
99	167	22
99	168	2
99	169	43
99	170	5
99	171	42
99	172	8
99	173	4
99	174	113
99	175	50
99	176	40
99	177	1
99	178	2
99	180	2
99	181	1
99	182	10
99	183	14
99	184	7
99	185	35
99	187	46
99	236	8
99	240	12
99	250	0
99	284	8
99	285	170
99	286	327
99	288	227
99	289	178
99	290	601
99	291	47
99	292	155
99	293	512
99	297	165
99	311	33
99	326	5
99	327	30
99	346	62
99	347	56
99	350	59
99	351	1
99	352	12
99	353	1
99	354	63
99	355	6
99	356	18
99	357	77
99	358	2
99	359	4
99	360	64
99	361	2
99	362	3
99	363	3
99	364	59
99	365	40
99	366	9
99	367	6
99	368	6
99	369	2
99	370	19
99	371	110
99	372	103
99	373	57
99	374	98
99	375	17
99	376	90
99	380	24
99	381	12
99	382	59
99	451	4
99	496	336
99	534	32
99	537	50
99	538	20
99	539	86
99	540	28
99	559	2
99	573	0
99	596	72
99	642	14
114	139	2
114	154	1
114	155	2
114	156	1
114	157	2
114	158	2
114	164	3
114	167	0
114	169	0
114	171	0
114	173	0
114	174	0
114	175	0
114	176	0
114	177	0
114	178	0
114	180	0
114	181	0
114	182	1
114	183	0
114	184	0
114	185	1
114	187	0
114	236	0
114	240	1
114	285	1
114	286	1
114	288	1
114	289	1
114	290	3
114	291	0
114	293	1
114	297	4
114	311	0
114	326	0
114	346	1
114	347	2
114	350	61
114	352	2
114	353	0
114	354	9
114	355	1
114	356	2
114	357	15
114	358	4
114	359	3
114	360	1
114	361	0
114	362	0
114	363	0
114	364	1
114	365	2
114	366	0
114	368	1
114	369	0
114	370	0
114	371	2
114	372	1
114	373	1
114	375	174
114	376	9
114	380	0
114	381	1
114	382	0
114	451	188
114	496	0
114	534	0
114	537	0
114	538	0
114	539	0
114	540	0
114	552	0
114	596	1
139	154	13
139	155	135
139	156	38
139	157	100
139	158	116
139	161	9
139	164	146
139	166	3
139	167	4
139	168	2
139	169	31
139	170	79
139	171	11
139	172	6
139	173	21
139	174	15
139	175	7
139	176	14
139	177	86
139	178	11
139	180	12
139	181	7
139	182	2
139	183	23
139	184	6
139	185	79
139	187	5
139	236	30
139	240	125
139	284	0
139	285	9
139	286	8
139	288	21
139	289	11
139	290	36
139	291	1
139	292	1
139	293	8
139	297	27
139	311	23
139	326	98
139	327	3
139	346	25
139	347	21
139	350	10
139	351	1
139	352	19
139	353	1
139	354	25
139	355	4
139	356	11
139	357	1072
139	358	1
139	359	2
139	360	147
139	361	10
139	362	25
139	363	11
139	364	16
139	365	89
139	366	5
139	367	2
139	368	75
139	369	12
139	370	1
139	371	21
139	372	23
139	373	12
139	374	8
139	375	6
139	376	780
139	380	39
139	381	13
139	382	43
139	451	4
139	496	14
139	534	1
139	537	4
139	538	7
139	539	7
139	540	9
139	559	1
139	573	0
139	596	22
139	642	11
154	155	671
154	156	86
154	157	1037
154	158	773
154	161	7
154	164	460
154	166	0
154	167	1
154	168	2
154	169	5
154	170	0
154	171	3
154	172	1
154	173	1
154	174	13
154	175	5
154	176	2
154	177	0
154	178	1
154	180	1
154	181	0
154	182	2
154	183	2
154	184	1
154	185	9
154	187	13
154	236	8
154	240	10
154	250	0
154	284	35
154	285	60
154	286	409
154	288	718
154	289	554
154	290	425
154	291	11
154	292	24
154	293	297
154	297	47
154	311	13
154	326	1
154	327	8
154	346	41
154	347	63
154	350	31
154	351	2
154	352	29
154	353	1
154	354	54
154	355	6
154	356	17
154	357	18
154	358	1
154	359	1
154	360	68
154	361	3
154	362	15
154	363	1
154	364	30
154	365	13
154	366	10
154	367	10
154	368	8
154	369	1
154	370	15
154	371	37
154	372	95
154	373	13
154	374	16
154	375	17
154	376	42
154	380	8
154	381	4
154	382	31
154	451	8
154	496	83
154	534	4
154	537	7
154	538	2
154	539	4
154	540	14
154	559	7
154	596	34
154	642	2
155	156	760
155	157	1496
155	158	1439
155	161	49
155	164	818
155	166	1
155	167	17
155	168	8
155	169	33
155	170	6
155	171	32
155	172	9
155	173	3
155	174	115
155	175	29
155	176	13
155	177	4
155	178	8
155	180	11
155	181	7
155	182	16
155	183	10
155	184	11
155	185	98
155	187	27
155	236	78
155	240	65
155	250	10
155	284	24
155	285	179
155	286	309
155	288	582
155	289	361
155	290	548
155	291	25
155	292	33
155	293	202
155	297	204
155	311	30
155	326	10
155	327	13
155	346	147
155	347	159
155	350	55
155	351	9
155	352	51
155	353	5
155	354	106
155	355	15
155	356	72
155	357	79
155	358	14
155	359	13
155	360	261
155	361	15
155	362	21
155	363	15
155	364	55
155	365	81
155	366	10
155	367	4
155	368	64
155	369	30
155	370	9
155	371	92
155	372	151
155	373	47
155	374	59
155	375	34
155	376	128
155	380	62
155	381	23
155	382	82
155	451	30
155	496	85
155	534	59
155	537	35
155	538	7
155	539	120
155	540	29
155	552	1
155	559	4
155	573	1
155	596	90
155	642	15
156	157	706
156	158	871
156	161	18
156	164	338
156	166	1
156	167	7
156	168	5
156	169	17
156	170	2
156	171	8
156	172	3
156	173	1
156	174	43
156	175	11
156	176	5
156	177	0
156	178	1
156	180	1
156	181	0
156	182	4
156	183	3
156	184	11
156	185	34
156	187	6
156	236	11
156	240	16
156	250	2
156	284	25
156	285	151
156	286	168
156	288	128
156	289	110
156	290	267
156	291	28
156	292	15
156	293	100
156	297	56
156	311	9
156	326	3
156	327	5
156	346	28
156	347	24
156	350	17
156	351	1
156	352	6
156	353	1
156	354	40
156	355	6
156	356	50
156	357	40
156	358	2
156	359	3
156	360	42
156	361	5
156	362	10
156	363	3
156	364	11
156	365	21
156	366	2
156	367	2
156	368	15
156	369	7
156	370	1
156	371	19
156	372	41
156	373	33
156	374	13
156	375	32
156	376	69
156	380	26
156	381	10
156	382	21
156	451	54
156	496	25
156	534	348
156	537	35
156	538	3
156	539	53
156	540	8
156	552	1
156	559	0
156	573	0
156	596	21
156	642	4
157	158	1530
157	161	52
157	164	960
157	166	1
157	167	8
157	168	4
157	169	21
157	170	3
157	171	23
157	172	4
157	173	2
157	174	74
157	175	22
157	176	7
157	177	2
157	178	3
157	180	4
157	181	2
157	182	8
157	183	6
157	184	10
157	185	47
157	187	21
157	236	42
157	240	31
157	250	6
157	284	27
157	285	207
157	286	382
157	288	845
157	289	491
157	290	679
157	291	26
157	292	35
157	293	243
157	297	196
157	311	30
157	326	7
157	327	16
157	346	132
157	347	194
157	350	63
157	351	3
157	352	54
157	353	3
157	354	101
157	355	14
157	356	58
157	357	78
157	358	5
157	359	7
157	360	253
157	361	11
157	362	22
157	363	13
157	364	57
157	365	77
157	366	11
157	367	8
157	368	52
157	369	13
157	370	14
157	371	96
157	372	173
157	373	51
157	374	74
157	375	32
157	376	117
157	380	53
157	381	17
157	382	87
157	451	29
157	496	60
157	534	56
157	537	34
157	538	5
157	539	42
157	540	22
157	552	1
157	559	5
157	573	1
157	596	91
157	642	14
158	161	51
158	164	764
158	166	0
158	167	8
158	168	7
158	169	26
158	170	4
158	171	18
158	172	5
158	173	2
158	174	52
158	175	20
158	176	10
158	177	3
158	178	4
158	180	14
158	181	2
158	182	12
158	183	9
158	184	8
158	185	38
158	187	22
158	236	78
158	240	46
158	250	10
158	284	24
158	285	126
158	286	343
158	288	576
158	289	377
158	290	599
158	291	16
158	292	18
158	293	232
158	297	118
158	311	25
158	326	6
158	327	7
158	346	79
158	347	91
158	350	40
158	351	2
158	352	27
158	353	2
158	354	86
158	355	12
158	356	62
158	357	93
158	358	13
158	359	16
158	360	170
158	361	12
158	362	19
158	363	10
158	364	33
158	365	61
158	366	12
158	367	7
158	368	54
158	369	24
158	370	10
158	371	60
158	372	128
158	373	30
158	374	22
158	375	25
158	376	119
158	380	49
158	381	16
158	382	63
158	451	29
158	496	74
158	534	71
158	537	22
158	538	5
158	539	32
158	540	20
158	552	2
158	559	3
158	573	1
158	596	63
158	642	9
161	164	21
161	166	0
161	167	3
161	169	3
161	170	1
161	171	1
161	173	0
161	174	1
161	175	5
161	176	1
161	178	1
161	180	0
161	181	0
161	182	1
161	183	0
161	184	0
161	185	3
161	187	8
161	236	8
161	240	57
161	284	0
161	285	1
161	286	1
161	288	4
161	289	2
161	290	4
161	292	0
161	293	2
161	297	7
161	311	1
161	346	1
161	347	1
161	350	1
161	352	0
161	354	1
161	356	14
161	357	1
161	358	3
161	359	0
161	360	4
161	361	0
161	362	0
161	363	1
161	364	5
161	365	3
161	366	0
161	367	0
161	368	15
161	369	1
161	370	0
161	371	2
161	372	2
161	373	1
161	374	1
161	375	0
161	376	2
161	380	3
161	381	1
161	382	8
161	451	1
161	496	1
161	534	0
161	537	2
161	538	1
161	539	0
161	540	0
161	552	0
161	596	1
164	166	1
164	167	14
164	168	3
164	169	45
164	170	12
164	171	20
164	172	3
164	173	9
164	174	179
164	175	47
164	176	21
164	177	2
164	178	3
164	180	9
164	181	9
164	182	10
164	183	15
164	184	36
164	185	41
164	187	24
164	236	62
164	240	69
164	250	3
164	284	20
164	285	289
164	286	321
164	288	759
164	289	436
164	290	592
164	291	54
164	292	66
164	293	263
164	297	487
164	311	66
164	326	13
164	327	32
164	346	263
164	347	355
164	350	78
164	351	12
164	352	108
164	353	2
164	354	157
164	355	7
164	356	98
164	357	26
164	358	11
164	359	4
164	360	748
164	361	19
164	362	49
164	363	38
164	364	135
164	365	130
164	366	9
164	367	8
164	368	59
164	369	17
164	370	19
164	371	261
164	372	425
164	373	125
164	374	162
164	375	21
164	376	140
164	380	148
164	381	30
164	382	277
164	451	18
164	496	39
164	534	19
164	537	69
164	538	5
164	539	29
164	540	28
164	552	0
164	559	1
164	573	1
164	596	135
164	642	27
166	167	42
166	168	2
166	169	27
166	171	20
166	172	8
166	173	9
166	174	7
166	175	16
166	176	24
166	177	0
166	178	2
166	180	1
166	181	0
166	182	0
166	183	3
166	184	0
166	185	29
166	187	1
166	236	1
166	240	11
166	286	0
166	288	0
166	289	0
166	290	0
166	291	0
166	292	0
166	293	0
166	297	0
166	311	0
166	326	0
166	346	0
166	347	0
166	350	0
166	353	0
166	354	0
166	355	0
166	356	0
166	360	0
166	361	0
166	362	0
166	363	0
166	364	1
166	365	1
166	366	0
166	368	1
166	371	0
166	372	0
166	373	1
166	374	0
166	375	0
166	376	0
166	380	0
166	381	0
166	382	0
166	451	0
166	496	0
166	534	0
166	537	8
166	538	15
166	539	10
166	540	11
166	552	15
166	559	1
166	573	0
166	596	0
166	642	2
167	168	39
167	169	221
167	170	3
167	171	43
167	172	21
167	173	64
167	174	401
167	175	856
167	176	373
167	177	0
167	178	1
167	180	1
167	181	1
167	182	0
167	183	2
167	184	21
167	185	287
167	187	9
167	236	2
167	240	14
167	284	1
167	285	27
167	286	21
167	288	14
167	289	45
167	290	17
167	291	56
167	292	57
167	293	88
167	297	13
167	311	4
167	326	6
167	327	3
167	346	1
167	347	4
167	350	1
167	351	0
167	352	0
167	353	0
167	354	1
167	356	1
167	357	0
167	358	0
167	359	0
167	360	2
167	361	1
167	362	1
167	363	1
167	364	4
167	365	2
167	366	0
167	367	1
167	368	4
167	369	0
167	370	0
167	371	7
167	372	4
167	373	20
167	374	12
167	375	0
167	376	1
167	380	2
167	381	3
167	382	5
167	451	1
167	496	3
167	534	2
167	537	30
167	538	6
167	539	178
167	540	25
167	559	0
167	596	7
167	642	0
168	169	13
168	171	43
168	172	479
168	173	11
168	174	18
168	175	23
168	176	5
168	178	0
168	180	1
168	181	0
168	182	0
168	183	0
168	184	0
168	185	7
168	187	3
168	236	16
168	240	4
168	285	0
168	286	0
168	288	1
168	289	0
168	290	1
168	291	0
168	293	1
168	297	1
168	311	0
168	347	0
168	358	0
168	360	0
168	361	0
168	363	1
168	364	0
168	366	0
168	368	1
168	372	1
168	373	1
168	374	1
168	380	0
168	381	0
168	382	0
168	451	0
168	496	1
168	534	0
168	537	0
168	538	1
168	539	8
168	540	51
168	552	8
168	596	0
169	170	177
169	171	51
169	172	99
169	173	182
169	174	220
169	175	364
169	176	1392
169	177	22
169	178	29
169	180	3
169	181	8
169	182	2
169	183	6
169	184	63
169	185	57
169	187	30
169	236	39
169	240	158
169	284	1
169	285	8
169	286	7
169	288	10
169	289	17
169	290	9
169	291	42
169	292	30
169	293	58
169	297	16
169	311	8
169	326	8
169	327	1
169	346	4
169	347	5
169	350	1
169	351	2
169	352	3
169	353	2
169	354	6
169	355	4
169	356	3
169	357	0
169	358	1
169	359	0
169	360	18
169	361	6
169	362	7
169	363	6
169	364	35
169	365	23
169	366	4
169	367	66
169	368	20
169	369	2
169	370	2
169	371	11
169	372	12
169	373	53
169	374	29
169	375	1
169	376	2
169	380	91
169	381	71
169	382	106
169	451	2
169	496	71
169	534	8
169	537	9
169	538	16
169	539	24
169	540	49
169	552	3
169	559	1
169	573	1
169	596	5
169	642	2
170	171	6
170	172	39
170	173	36
170	174	10
170	175	20
170	176	75
170	177	4
170	178	7
170	180	1
170	181	4
170	182	1
170	183	2
170	184	4
170	185	15
170	187	1
170	236	26
170	240	62
170	285	0
170	286	1
170	288	0
170	289	0
170	290	0
170	293	0
170	297	2
170	311	1
170	346	0
170	347	1
170	350	0
170	352	0
170	354	0
170	356	0
170	360	5
170	361	2
170	362	0
170	363	3
170	364	2
170	365	3
170	366	0
170	368	5
170	369	2
170	371	2
170	372	5
170	373	4
170	374	3
170	376	1
170	380	24
170	381	4
170	382	30
170	496	2
170	537	2
170	538	3
170	539	1
170	540	10
170	552	1
170	559	1
170	596	0
171	172	26
171	173	19
171	174	194
171	175	17
171	176	45
171	177	4
171	178	454
171	180	3
171	181	459
171	182	350
171	183	52
171	184	18
171	185	15
171	187	6
171	236	43
171	240	319
171	284	0
171	285	17
171	286	16
171	288	6
171	289	15
171	290	12
171	291	99
171	292	44
171	293	267
171	297	15
171	311	2
171	326	3
171	327	1
171	346	3
171	347	3
171	350	2
171	351	0
171	352	1
171	353	1
171	354	2
171	355	1
171	356	1
171	357	0
171	358	0
171	359	0
171	360	3
171	361	5
171	362	2
171	363	7
171	364	65
171	365	2
171	366	1
171	367	1
171	368	8
171	369	0
171	370	1
171	371	46
171	372	3
171	373	194
171	374	14
171	375	0
171	376	1
171	380	3
171	381	2
171	382	10
171	451	12
171	496	13
171	534	2
171	537	17
171	538	24
171	539	21
171	540	113
171	552	2
171	559	2
171	573	1
171	596	7
171	642	4
172	173	94
172	174	20
172	175	35
172	176	38
172	177	10
172	178	8
172	180	2
172	181	1
172	182	18
172	183	12
172	184	3
172	185	37
172	187	29
172	236	138
172	240	20
172	284	0
172	285	1
172	286	1
172	288	3
172	289	1
172	290	1
172	291	1
172	292	1
172	293	3
172	297	2
172	311	0
172	326	3
172	327	0
172	346	0
172	347	0
172	350	0
172	352	0
172	353	0
172	354	0
172	356	0
172	357	0
172	358	0
172	360	1
172	361	1
172	362	0
172	363	1
172	364	2
172	365	0
172	366	0
172	368	5
172	370	0
172	371	0
172	372	1
172	373	3
172	374	5
172	375	0
172	376	0
172	380	0
172	381	1
172	382	1
172	451	1
172	496	1
172	534	0
172	537	0
172	538	3
172	539	19
172	540	16
172	552	20
172	559	5
172	573	1
172	596	1
173	174	81
173	175	50
173	176	107
173	177	29
173	178	32
173	180	22
173	181	22
173	182	6
173	183	9
173	184	18
173	185	15
173	187	4
173	236	25
173	240	59
173	285	3
173	286	1
173	288	1
173	289	2
173	290	2
173	291	7
173	292	0
173	293	8
173	297	15
173	311	1
173	326	3
173	327	0
173	346	0
173	347	0
173	350	2
173	351	0
173	352	0
173	353	0
173	354	1
173	355	0
173	356	0
173	357	0
173	358	4
173	360	1
173	361	2
173	362	1
173	363	1
173	364	5
173	365	2
173	366	1
173	367	1
173	368	3
173	370	0
173	371	3
173	372	1
173	373	4
173	374	2
173	376	0
173	380	1
173	381	4
173	382	3
173	451	1
173	496	1
173	534	0
173	537	4
173	538	5
173	539	4
173	540	21
173	552	2
173	559	1
173	573	2
173	596	1
173	642	1
174	175	265
174	176	204
174	177	2
174	178	11
174	180	9
174	181	16
174	182	15
174	183	14
174	184	620
174	185	86
174	187	94
174	236	37
174	240	27
174	284	3
174	285	93
174	286	72
174	288	74
174	289	117
174	290	81
174	291	594
174	292	191
174	293	580
174	297	179
174	311	31
174	326	10
174	327	11
174	346	29
174	347	39
174	350	7
174	351	0
174	352	11
174	353	2
174	354	9
174	355	3
174	356	6
174	357	1
174	358	3
174	359	0
174	360	65
174	361	8
174	362	5
174	363	15
174	364	43
174	365	16
174	366	3
174	367	2
174	368	89
174	369	2
174	370	8
174	371	76
174	372	44
174	373	676
174	374	477
174	375	3
174	376	5
174	380	35
174	381	12
174	382	155
174	451	2
174	496	18
174	534	11
174	537	259
174	538	12
174	539	136
174	540	200
174	552	1
174	559	1
174	573	1
174	596	30
174	642	2
175	176	322
175	177	0
175	178	1
175	180	1
175	181	0
175	182	2
175	183	8
175	184	3
175	185	47
175	187	143
175	236	4
175	240	15
175	284	3
175	285	24
175	286	24
175	288	25
175	289	30
175	290	24
175	291	43
175	292	54
175	293	92
175	297	33
175	311	56
175	326	6
175	327	7
175	346	6
175	347	8
175	350	6
175	351	1
175	352	3
175	353	0
175	354	8
175	355	0
175	356	7
175	357	1
175	358	1
175	360	14
175	361	1
175	362	3
175	363	2
175	364	13
175	365	8
175	366	3
175	367	13
175	368	5
175	369	0
175	370	10
175	371	47
175	372	17
175	373	175
175	374	235
175	375	1
175	376	6
175	380	42
175	381	29
175	382	48
175	451	3
175	496	7
175	534	1
175	537	20
175	538	6
175	539	103
175	540	36
175	559	0
175	573	0
175	596	7
175	642	3
176	177	8
176	178	25
176	180	1
176	181	4
176	182	1
176	183	2
176	184	6
176	185	41
176	187	13
176	236	24
176	240	87
176	284	0
176	285	3
176	286	4
176	288	5
176	289	21
176	290	4
176	291	6
176	292	53
176	293	47
176	297	6
176	311	8
176	326	2
176	327	0
176	346	4
176	347	4
176	350	1
176	351	1
176	352	3
176	353	1
176	354	2
176	355	2
176	356	3
176	357	0
176	358	1
176	359	0
176	360	11
176	361	2
176	362	2
176	363	3
176	364	11
176	365	6
176	366	2
176	367	138
176	368	11
176	369	2
176	370	2
176	371	6
176	372	3
176	373	21
176	374	12
176	375	0
176	376	1
176	380	6
176	381	30
176	382	10
176	451	1
176	496	17
176	534	1
176	537	7
176	538	7
176	539	20
176	540	27
176	559	0
176	573	0
176	596	2
176	642	0
177	178	204
177	180	134
177	181	32
177	182	3
177	183	6
177	184	14
177	185	2
177	187	1
177	236	6
177	240	180
177	284	0
177	285	0
177	286	0
177	288	0
177	289	0
177	290	1
177	291	0
177	292	0
177	293	1
177	297	4
177	311	0
177	326	2
177	346	2
177	347	0
177	350	0
177	352	0
177	353	0
177	354	0
177	355	0
177	356	0
177	357	0
177	358	2
177	359	2
177	360	1
177	361	6
177	362	2
177	363	6
177	364	0
177	365	0
177	366	0
177	368	1
177	369	1
177	371	0
177	372	0
177	373	1
177	374	0
177	375	0
177	376	0
177	380	0
177	381	0
177	382	0
177	451	1
177	496	0
177	534	0
177	537	0
177	538	2
177	539	0
177	540	49
177	552	1
177	559	0
177	573	9
177	596	0
178	180	43
178	181	1810
178	182	1302
178	183	149
178	184	24
178	185	2
178	187	1
178	236	8
178	240	986
178	284	0
178	285	1
178	286	1
178	288	1
178	289	1
178	290	2
178	291	148
178	292	0
178	293	323
178	297	12
178	311	0
178	326	0
178	327	0
178	346	1
178	347	0
178	350	0
178	351	0
178	352	0
178	353	0
178	354	0
178	355	1
178	356	0
178	357	0
178	358	1
178	359	0
178	360	1
178	361	1
178	362	0
178	363	1
178	364	1
178	365	0
178	366	0
178	367	0
178	368	6
178	369	0
178	370	0
178	371	1
178	372	1
178	373	1
178	374	0
178	375	0
178	376	0
178	380	1
178	381	0
178	382	1
178	451	0
178	496	0
178	534	0
178	537	1
178	538	4
178	539	1
178	540	57
178	552	0
178	559	0
178	573	6
178	596	0
178	642	0
180	181	160
180	182	15
180	183	43
180	184	14
180	185	3
180	187	4
180	236	15
180	240	14
180	284	0
180	285	1
180	286	1
180	288	1
180	289	1
180	290	2
180	291	0
180	292	0
180	293	2
180	297	14
180	311	0
180	326	2
180	327	0
180	346	0
180	347	0
180	350	0
180	351	0
180	352	0
180	353	0
180	354	0
180	355	0
180	356	0
180	357	0
180	358	5
180	359	1
180	360	1
180	361	1
180	362	1
180	363	1
180	364	0
180	365	0
180	366	2
180	367	0
180	368	3
180	369	2
180	370	0
180	371	1
180	372	1
180	373	4
180	374	5
180	375	0
180	376	0
180	380	0
180	381	0
180	382	3
180	451	2
180	496	0
180	534	1
180	537	5
180	538	15
180	539	0
180	540	2
180	552	0
180	559	0
180	573	32
180	596	1
180	642	2
181	182	1339
181	183	155
181	184	6
181	185	1
181	187	1
181	236	11
181	240	846
181	285	1
181	286	0
181	288	1
181	289	2
181	290	1
181	291	151
181	292	0
181	293	333
181	297	8
181	311	0
181	326	1
181	327	0
181	346	0
181	347	0
181	354	0
181	355	0
181	356	0
181	357	0
181	358	1
181	360	0
181	361	0
181	362	0
181	363	0
181	364	0
181	365	0
181	366	0
181	368	6
181	371	1
181	372	0
181	373	2
181	374	1
181	375	0
181	376	0
181	380	1
181	381	0
181	382	1
181	451	0
181	496	0
181	534	0
181	537	1
181	538	5
181	539	1
181	540	17
181	552	0
181	559	0
181	573	8
181	596	0
181	642	0
182	183	452
182	184	73
182	185	7
182	187	23
182	236	4
182	240	613
182	284	0
182	285	3
182	286	4
182	288	7
182	289	8
182	290	8
182	291	117
182	292	4
182	293	289
182	297	11
182	311	3
182	326	0
182	327	0
182	346	10
182	347	7
182	350	2
182	352	4
182	353	0
182	354	3
182	356	2
182	357	1
182	358	3
182	359	0
182	360	9
182	361	0
182	362	1
182	363	0
182	364	2
182	365	1
182	366	1
182	368	5
182	370	0
182	371	5
182	372	2
182	373	8
182	374	7
182	375	1
182	376	2
182	380	1
182	381	0
182	382	2
182	451	1
182	496	1
182	534	4
182	537	1
182	538	2
182	539	2
182	540	12
182	552	1
182	559	2
182	573	6
182	596	1
182	642	1
183	184	56
183	185	24
183	187	55
183	236	3
183	240	78
183	250	1
183	284	0
183	285	3
183	286	6
183	288	5
183	289	6
183	290	5
183	291	23
183	292	8
183	293	59
183	297	14
183	311	3
183	326	2
183	327	0
183	346	1
183	347	1
183	350	1
183	351	0
183	352	0
183	353	0
183	354	4
183	355	0
183	356	1
183	357	0
183	358	5
183	359	2
183	360	2
183	361	21
183	362	4
183	363	3
183	364	2
183	365	2
183	366	1
183	368	22
183	369	2
183	370	1
183	371	3
183	372	1
183	373	10
183	374	12
183	375	0
183	376	2
183	380	0
183	381	0
183	382	2
183	451	2
183	496	1
183	534	2
183	537	2
183	538	1
183	539	1
183	540	4
183	552	6
183	559	0
183	573	35
183	596	2
183	642	0
184	185	3
184	187	9
184	236	9
184	240	114
184	284	0
184	285	96
184	286	14
184	288	9
184	289	25
184	290	15
184	291	1014
184	292	25
184	293	536
184	297	67
184	311	6
184	326	1
184	327	4
184	346	1
184	347	5
184	350	0
184	351	0
184	352	0
184	353	0
184	354	0
184	355	0
184	356	0
184	357	0
184	358	1
184	359	1
184	360	7
184	361	1
184	362	0
184	363	1
184	364	2
184	365	1
184	366	2
184	368	1
184	369	0
184	370	2
184	371	15
184	372	1
184	373	39
184	374	4
184	375	0
184	376	0
184	380	1
184	381	0
184	382	11
184	451	1
184	496	1
184	534	1
184	537	94
184	538	5
184	539	93
184	540	241
184	552	0
184	559	3
184	573	4
184	596	3
184	642	0
185	187	23
185	236	12
185	240	8
185	284	0
185	285	4
185	286	4
185	288	6
185	289	5
185	290	6
185	291	1
185	292	3
185	293	6
185	297	20
185	311	1
185	326	19
185	327	1
185	346	1
185	347	1
185	350	1
185	352	0
185	353	1
185	354	1
185	355	1
185	356	1
185	357	2
185	358	0
185	360	6
185	361	2
185	362	2
185	363	1
185	364	9
185	365	13
185	366	0
185	368	7
185	370	2
185	371	4
185	372	7
185	373	11
185	374	17
185	375	3
185	376	2
185	380	10
185	381	7
185	382	19
185	451	2
185	496	1
185	534	3
185	537	7
185	538	2
185	539	43
185	540	5
185	552	2
185	559	1
185	596	7
185	642	0
187	236	4
187	240	8
187	284	0
187	285	4
187	286	7
187	288	18
187	289	12
187	290	10
187	291	42
187	292	12
187	293	88
187	297	14
187	311	39
187	326	4
187	327	3
187	346	2
187	347	5
187	350	3
187	351	0
187	352	2
187	353	0
187	354	3
187	355	1
187	356	8
187	357	0
187	358	4
187	359	2
187	360	5
187	361	3
187	362	12
187	363	2
187	364	16
187	365	13
187	366	10
187	367	3
187	368	6
187	369	1
187	370	6
187	371	52
187	372	20
187	373	214
187	374	283
187	375	2
187	376	2
187	380	1
187	381	1
187	382	6
187	451	2
187	496	10
187	534	1
187	537	4
187	538	2
187	539	3
187	540	6
187	552	0
187	559	1
187	573	1
187	596	2
187	642	1
236	240	91
236	284	0
236	285	5
236	286	5
236	288	13
236	289	5
236	290	9
236	291	1
236	292	1
236	293	6
236	297	69
236	311	1
236	326	3
236	327	0
236	346	3
236	347	1
236	350	1
236	351	0
236	352	1
236	353	0
236	354	1
236	355	1
236	356	1
236	357	0
236	358	7
236	359	2
236	360	4
236	361	12
236	362	2
236	363	7
236	364	5
236	365	1
236	366	1
236	367	0
236	368	30
236	369	2
236	370	0
236	371	2
236	372	3
236	373	16
236	374	21
236	375	2
236	376	3
236	380	1
236	381	2
236	382	6
236	451	2
236	496	3
236	534	1
236	537	10
236	538	7
236	539	5
236	540	5
236	552	1
236	559	12
236	573	0
236	596	34
236	642	3
240	250	0
240	284	0
240	285	6
240	286	4
240	288	11
240	289	7
240	290	11
240	291	70
240	292	1
240	293	160
240	297	35
240	311	4
240	326	6
240	327	2
240	346	15
240	347	11
240	350	23
240	351	69
240	352	23
240	353	3
240	354	27
240	355	22
240	356	17
240	357	4
240	358	39
240	359	9
240	360	39
240	361	33
240	362	12
240	363	31
240	364	34
240	365	25
240	366	5
240	367	4
240	368	82
240	369	19
240	370	1
240	371	13
240	372	10
240	373	13
240	374	4
240	375	14
240	376	9
240	380	30
240	381	67
240	382	21
240	451	10
240	496	27
240	534	0
240	537	10
240	538	32
240	539	5
240	540	174
240	552	2
240	559	58
240	573	1
240	596	8
240	642	119
250	286	1
250	288	0
250	289	0
250	290	0
250	297	0
250	326	4
250	354	0
250	358	2
250	360	0
250	361	6
250	363	1
250	366	1
250	368	2
250	371	0
250	372	2
250	376	1
250	451	1
250	534	0
250	540	0
284	285	349
284	286	107
284	288	88
284	289	292
284	290	232
284	291	4
284	292	36
284	293	48
284	297	77
284	311	3
284	327	2
284	346	1
284	347	7
284	350	2
284	351	0
284	352	1
284	354	1
284	356	1
284	357	0
284	360	6
284	361	0
284	362	0
284	364	1
284	365	0
284	366	1
284	367	0
284	368	0
284	370	2
284	371	8
284	372	9
284	373	2
284	374	1
284	375	4
284	376	1
284	380	0
284	381	0
284	382	4
284	451	6
284	496	2
284	534	2
284	537	1
284	538	0
284	539	5
284	540	3
284	596	10
284	642	0
285	286	424
285	288	660
285	289	418
285	290	924
285	291	115
285	292	65
285	293	389
285	297	494
285	311	62
285	326	1
285	327	43
285	346	56
285	347	202
285	350	20
285	351	0
285	352	29
285	353	0
285	354	19
285	355	0
285	356	25
285	357	6
285	358	3
285	359	2
285	360	138
285	361	1
285	362	6
285	363	2
285	364	19
285	365	12
285	366	3
285	367	3
285	368	2
285	369	0
285	370	11
285	371	137
285	372	88
285	373	50
285	374	8
285	375	6
285	376	19
285	380	16
285	381	3
285	382	88
285	451	34
285	496	32
285	534	96
285	537	38
285	538	1
285	539	91
285	540	51
285	552	0
285	559	0
285	573	0
285	596	92
285	642	3
286	288	754
286	289	800
286	290	1044
286	291	112
286	292	77
286	293	777
286	297	455
286	311	86
286	326	2
286	327	80
286	346	88
286	347	256
286	350	50
286	351	0
286	352	116
286	353	0
286	354	77
286	355	1
286	356	59
286	357	23
286	358	1
286	359	2
286	360	132
286	361	1
286	362	3
286	363	2
286	364	26
286	365	14
286	366	4
286	367	2
286	368	3
286	369	0
286	370	14
286	371	183
286	372	149
286	373	67
286	374	17
286	375	18
286	376	38
286	380	26
286	381	6
286	382	119
286	451	6
286	496	64
286	534	81
286	537	48
286	538	1
286	539	87
286	540	60
286	552	0
286	559	0
286	573	0
286	596	181
286	642	4
288	289	847
288	290	1045
288	291	50
288	292	103
288	293	491
288	297	351
288	311	89
288	326	3
288	327	114
288	346	184
288	347	381
288	350	61
288	351	1
288	352	78
288	353	0
288	354	65
288	355	2
288	356	49
288	357	15
288	358	2
288	359	3
288	360	268
288	361	3
288	362	11
288	363	7
288	364	93
288	365	28
288	366	9
288	367	7
288	368	6
288	369	2
288	370	27
288	371	238
288	372	277
288	373	60
288	374	19
288	375	20
288	376	55
288	380	24
288	381	5
288	382	152
288	451	17
288	496	75
288	534	60
288	537	49
288	538	2
288	539	28
288	540	96
288	552	0
288	559	1
288	573	0
288	596	167
288	642	11
289	290	1128
289	291	145
289	292	537
289	293	683
289	297	348
289	311	51
289	326	2
289	327	48
289	346	83
289	347	260
289	350	43
289	351	0
289	352	35
289	353	0
289	354	31
289	355	0
289	356	22
289	357	6
289	358	2
289	359	1
289	360	152
289	361	1
289	362	5
289	363	3
289	364	28
289	365	11
289	366	4
289	367	2
289	368	4
289	369	2
289	370	12
289	371	195
289	372	130
289	373	96
289	374	20
289	375	27
289	376	25
289	380	8
289	381	4
289	382	92
289	451	14
289	496	23
289	534	23
289	537	56
289	538	1
289	539	39
289	540	62
289	552	0
289	559	0
289	573	0
289	596	250
289	642	8
290	291	65
290	292	167
290	293	692
290	297	627
290	311	73
290	326	3
290	327	78
290	346	203
290	347	379
290	350	64
290	351	0
290	352	73
290	353	0
290	354	77
290	355	10
290	356	72
290	357	112
290	358	4
290	359	13
290	360	302
290	361	4
290	362	10
290	363	9
290	364	66
290	365	65
290	366	4
290	367	3
290	368	8
290	369	2
290	370	15
290	371	222
290	372	180
290	373	85
290	374	25
290	375	21
290	376	131
290	380	27
290	381	5
290	382	147
290	451	22
290	496	174
290	534	135
290	537	37
290	538	1
290	539	52
290	540	41
290	552	0
290	559	0
290	573	0
290	596	185
290	642	5
291	292	305
291	293	853
291	297	76
291	311	49
291	326	1
291	327	9
291	346	6
291	347	30
291	350	6
291	351	0
291	352	7
291	354	6
291	356	4
291	357	0
291	358	0
291	359	0
291	360	11
291	361	1
291	362	1
291	363	1
291	364	16
291	365	3
291	366	4
291	367	2
291	368	3
291	369	0
291	370	24
291	371	57
291	372	10
291	373	269
291	374	72
291	375	1
291	376	2
291	380	1
291	381	1
291	382	29
291	451	0
291	496	5
291	534	38
291	537	224
291	538	2
291	539	88
291	540	293
291	559	0
291	596	24
291	642	1
292	293	578
292	297	60
292	311	17
292	326	0
292	327	10
292	346	9
292	347	97
292	350	5
292	351	0
292	352	2
292	354	2
292	356	1
292	357	0
292	358	0
292	359	0
292	360	8
292	361	0
292	362	0
292	363	1
292	364	5
292	365	0
292	366	1
292	367	0
292	368	1
292	369	0
292	370	2
292	371	87
292	372	17
292	373	158
292	374	40
292	375	5
292	376	2
292	380	3
292	381	1
292	382	110
292	451	1
292	496	9
292	534	2
292	537	16
292	538	0
292	539	20
292	540	59
292	559	0
292	596	80
292	642	2
293	297	312
293	311	111
293	326	4
293	327	75
293	346	31
293	347	113
293	350	14
293	351	0
293	352	29
293	353	0
293	354	25
293	355	0
293	356	18
293	357	11
293	358	1
293	359	1
293	360	85
293	361	3
293	362	2
293	363	5
293	364	35
293	365	7
293	366	5
293	367	5
293	368	8
293	369	0
293	370	18
293	371	194
293	372	104
293	373	274
293	374	114
293	375	16
293	376	17
293	380	9
293	381	5
293	382	108
293	451	4
293	496	65
293	534	35
293	537	87
293	538	3
293	539	120
293	540	176
293	559	0
293	573	0
293	596	116
293	642	5
297	311	27
297	326	3
297	327	32
297	346	65
297	347	117
297	350	18
297	351	0
297	352	39
297	353	0
297	354	29
297	355	1
297	356	24
297	357	3
297	358	27
297	359	5
297	360	188
297	361	4
297	362	7
297	363	10
297	364	40
297	365	21
297	366	2
297	367	1
297	368	34
297	369	2
297	370	5
297	371	109
297	372	147
297	373	105
297	374	115
297	375	12
297	376	22
297	380	26
297	381	8
297	382	94
297	451	9
297	496	17
297	534	8
297	537	40
297	538	2
297	539	40
297	540	32
297	552	0
297	559	0
297	573	0
297	596	89
297	642	5
311	326	0
311	327	40
311	346	39
311	347	51
311	350	6
311	351	0
311	352	24
311	353	0
311	354	15
311	355	0
311	356	14
311	357	1
311	358	2
311	359	1
311	360	130
311	361	1
311	362	2
311	363	3
311	364	41
311	365	19
311	366	195
311	367	119
311	368	2
311	369	1
311	370	614
311	371	444
311	372	23
311	373	133
311	374	59
311	375	1
311	376	6
311	380	71
311	381	7
311	382	169
311	451	0
311	496	116
311	534	9
311	537	11
311	538	2
311	539	45
311	540	6
311	559	1
311	596	13
311	642	4
326	327	90
326	346	1
326	347	0
326	350	10
326	352	1
326	353	1
326	354	4
326	355	4
326	356	1
326	357	0
326	358	1
326	360	4
326	361	13
326	362	5
326	363	12
326	364	13
326	365	9
326	366	3
326	367	4
326	368	48
326	370	1
326	371	4
326	372	19
326	373	13
326	374	3
326	375	0
326	376	3
326	380	4
326	381	5
326	382	6
326	451	1
326	496	22
326	534	0
326	537	0
326	538	1
326	539	1
326	540	1
326	559	0
326	596	1
326	642	0
327	346	16
327	347	31
327	350	4
327	351	0
327	352	3
327	354	5
327	356	5
327	357	0
327	360	114
327	361	0
327	362	1
327	363	1
327	364	457
327	365	6
327	366	4
327	367	2
327	368	1
327	370	9
327	371	395
327	372	360
327	373	47
327	374	4
327	375	1
327	376	6
327	380	1
327	381	0
327	382	83
327	451	0
327	496	2
327	534	1
327	537	5
327	538	0
327	539	4
327	540	3
327	596	6
327	642	7
346	347	1183
346	350	274
346	351	4
346	352	403
346	353	0
346	354	194
346	355	7
346	356	142
346	357	27
346	358	2
346	359	4
346	360	878
346	361	10
346	362	9
346	363	27
346	364	101
346	365	84
346	366	2
346	367	15
346	368	7
346	369	5
346	370	14
346	371	220
346	372	119
346	373	78
346	374	13
346	375	31
346	376	116
346	380	29
346	381	4
346	382	134
346	451	3
346	496	16
346	534	1
346	537	7
346	538	1
346	539	3
346	540	6
346	552	0
346	559	0
346	596	29
346	642	9
347	350	321
347	351	5
347	352	943
347	353	0
347	354	529
347	355	4
347	356	411
347	357	22
347	358	1
347	359	3
347	360	1093
347	361	9
347	362	10
347	363	25
347	364	111
347	365	91
347	366	2
347	367	13
347	368	10
347	369	4
347	370	17
347	371	323
347	372	142
347	373	131
347	374	37
347	375	41
347	376	129
347	380	44
347	381	3
347	382	277
347	451	8
347	496	15
347	534	2
347	537	14
347	538	0
347	539	6
347	540	20
347	559	0
347	596	104
347	642	11
350	351	30
350	352	466
350	353	7
350	354	493
350	355	32
350	356	253
350	357	71
350	358	31
350	359	30
350	360	121
350	361	3
350	362	28
350	363	5
350	364	127
350	365	64
350	366	2
350	367	2
350	368	18
350	369	2
350	370	8
350	371	111
350	372	98
350	373	60
350	374	24
350	375	327
350	376	497
350	380	13
350	381	3
350	382	24
350	451	46
350	496	7
350	534	1
350	537	2
350	538	0
350	539	1
350	540	2
350	552	0
350	559	0
350	596	41
350	642	19
351	352	77
351	353	26
351	354	56
351	355	122
351	356	30
351	357	1
351	358	6
351	359	4
351	360	17
351	361	5
351	362	35
351	363	3
351	364	26
351	365	3
351	366	0
351	368	160
351	370	1
351	371	4
351	372	3
351	373	2
351	374	1
351	375	4
351	376	11
351	380	0
351	381	0
351	382	1
351	451	0
351	496	1
351	538	0
351	539	0
351	540	0
351	596	2
352	353	0
352	354	712
352	355	8
352	356	576
352	357	29
352	358	2
352	359	14
352	360	642
352	361	2
352	362	4
352	363	3
352	364	103
352	365	58
352	366	2
352	367	0
352	368	37
352	369	1
352	370	4
352	371	72
352	372	41
352	373	37
352	374	7
352	375	33
352	376	67
352	380	23
352	381	6
352	382	237
352	451	3
352	496	18
352	534	0
352	537	3
352	538	1
352	539	2
352	540	21
352	559	0
352	596	8
352	642	0
353	354	174
353	355	232
353	356	24
353	357	3
353	358	5
353	359	3
353	360	2
353	361	5
353	362	7
353	363	2
353	364	12
353	365	9
353	366	0
353	368	13
353	369	4
353	371	1
353	372	3
353	373	14
353	374	20
353	375	1
353	376	20
353	380	7
353	381	0
353	382	1
353	451	3
353	496	0
353	534	0
353	537	0
353	538	0
353	539	0
353	540	0
353	559	0
353	596	1
353	642	0
354	355	291
354	356	521
354	357	240
354	358	57
354	359	44
354	360	384
354	361	21
354	362	38
354	363	9
354	364	107
354	365	340
354	366	3
354	367	3
354	368	56
354	369	10
354	370	5
354	371	118
354	372	214
354	373	53
354	374	36
354	375	57
354	376	780
354	380	95
354	381	6
354	382	153
354	451	25
354	496	15
354	534	1
354	537	2
354	538	0
354	539	2
354	540	12
354	552	0
354	559	1
354	573	0
354	596	29
354	642	21
355	356	37
355	357	23
355	358	8
355	359	8
355	360	6
355	361	10
355	362	13
355	363	6
355	364	31
355	365	55
355	366	1
355	367	1
355	368	72
355	369	7
355	370	0
355	371	4
355	372	6
355	373	20
355	374	30
355	375	7
355	376	70
355	380	6
355	381	3
355	382	1
355	451	4
355	496	5
355	534	0
355	537	0
355	538	1
355	539	0
355	540	0
355	559	0
355	596	1
355	642	2
356	357	52
356	358	48
356	359	24
356	360	319
356	361	22
356	362	40
356	363	12
356	364	39
356	365	78
356	366	5
356	367	3
356	368	55
356	369	6
356	370	3
356	371	64
356	372	77
356	373	28
356	374	21
356	375	26
356	376	944
356	380	15
356	381	2
356	382	111
356	451	14
356	496	8
356	534	1
356	537	2
356	538	0
356	539	1
356	540	10
356	552	0
356	559	0
356	573	0
356	596	13
356	642	20
357	358	16
357	359	33
357	360	14
357	361	1
357	362	2
357	363	1
357	364	3
357	365	419
357	366	0
357	368	6
357	369	0
357	370	1
357	371	9
357	372	5
357	373	2
357	374	2
357	375	135
357	376	1363
357	380	1
357	381	3
357	382	1
357	451	11
357	496	32
357	534	1
357	537	1
357	538	0
357	539	2
357	540	0
357	559	0
357	596	14
357	642	6
358	359	217
358	360	8
358	361	14
358	362	17
358	363	11
358	364	1
358	365	3
358	366	0
358	367	1
358	368	11
358	369	3
358	370	0
358	371	1
358	372	4
358	373	1
358	374	3
358	375	7
358	376	18
358	380	0
358	381	1
358	382	1
358	451	18
358	496	0
358	534	0
358	537	0
358	538	1
358	539	0
358	540	1
358	552	2
358	559	0
358	573	1
358	596	2
358	642	1
359	360	5
359	361	8
359	362	36
359	363	5
359	364	2
359	365	9
359	366	0
359	368	3
359	369	1
359	370	0
359	371	2
359	372	4
359	373	1
359	374	0
359	375	41
359	376	38
359	380	0
359	381	1
359	382	0
359	451	11
359	496	2
359	534	0
359	537	0
359	539	0
359	540	0
359	559	0
359	596	1
360	361	27
360	362	46
360	363	64
360	364	278
360	365	312
360	366	12
360	367	20
360	368	57
360	369	24
360	370	62
360	371	617
360	372	273
360	373	152
360	374	118
360	375	10
360	376	111
360	380	149
360	381	22
360	382	430
360	451	7
360	496	18
360	534	1
360	537	8
360	538	1
360	539	4
360	540	12
360	559	0
360	596	49
360	642	15
361	362	572
361	363	1353
361	364	27
361	365	24
361	366	4
361	367	48
361	368	203
361	369	23
361	370	1
361	371	12
361	372	7
361	373	23
361	374	5
361	375	1
361	376	69
361	380	1
361	381	0
361	382	3
361	451	1
361	496	1
361	534	0
361	537	0
361	538	1
361	539	1
361	540	2
361	552	1
361	559	1
361	573	0
361	596	1
361	642	0
362	363	347
362	364	23
362	365	35
362	366	1
362	367	7
362	368	31
362	369	5
362	370	0
362	371	11
362	372	159
362	373	19
362	374	38
362	375	2
362	376	64
362	380	2
362	381	0
362	382	3
362	451	1
362	496	0
362	534	0
362	537	1
362	538	0
362	539	0
362	540	0
362	559	0
362	573	0
362	596	3
362	642	2
363	364	47
363	365	21
363	366	3
363	367	81
363	368	204
363	369	23
363	370	3
363	371	27
363	372	10
363	373	40
363	374	9
363	375	1
363	376	69
363	380	2
363	381	1
363	382	7
363	451	0
363	496	2
363	534	0
363	537	0
363	538	2
363	539	0
363	540	2
363	559	2
363	573	0
363	596	1
363	642	0
364	365	293
364	366	50
364	367	69
364	368	38
364	369	16
364	370	74
364	371	339
364	372	303
364	373	325
364	374	65
364	375	11
364	376	71
364	380	29
364	381	23
364	382	111
364	451	4
364	496	50
364	534	1
364	537	9
364	538	8
364	539	4
364	540	6
364	552	0
364	559	0
364	596	11
364	642	2
365	366	11
365	367	32
365	368	152
365	369	71
365	370	12
365	371	93
365	372	80
365	373	75
365	374	72
365	375	12
365	376	398
365	380	37
365	381	44
365	382	37
365	451	10
365	496	47
365	534	0
365	537	3
365	538	3
365	539	1
365	540	2
365	552	0
365	559	0
365	596	10
365	642	8
366	367	181
366	368	8
366	369	8
366	370	567
366	371	194
366	372	2
366	373	25
366	374	4
366	375	0
366	376	4
366	380	4
366	381	3
366	382	4
366	451	3
366	496	277
366	534	1
366	537	2
366	538	2
366	539	4
366	540	2
366	552	0
366	559	4
366	573	1
366	596	3
366	642	5
367	368	50
367	370	442
367	371	177
367	372	42
367	373	30
367	374	5
367	375	1
367	376	8
367	380	3
367	381	9
367	382	1
367	451	0
367	496	165
367	534	1
367	537	2
367	538	1
367	539	3
367	540	1
367	596	0
367	642	8
368	369	82
368	370	3
368	371	23
368	372	20
368	373	165
368	374	166
368	375	7
368	376	53
368	380	16
368	381	11
368	382	7
368	451	8
368	496	2
368	534	0
368	537	24
368	538	7
368	539	7
368	540	10
368	552	0
368	559	1
368	573	0
368	596	3
368	642	1
369	370	0
369	371	5
369	372	4
369	373	7
369	374	3
369	376	19
369	380	1
369	381	0
369	382	1
369	496	1
369	537	0
369	538	0
369	539	0
369	540	0
369	596	1
369	642	0
370	371	581
370	372	9
370	373	130
370	374	14
370	375	1
370	376	5
370	380	3
370	381	0
370	382	18
370	451	0
370	496	426
370	534	1
370	537	9
370	538	1
370	539	10
370	540	1
370	559	0
370	596	1
370	642	1
371	372	384
371	373	367
371	374	120
371	375	19
371	376	86
371	380	80
371	381	10
371	382	357
371	451	9
371	496	171
371	534	5
371	537	17
371	538	2
371	539	11
371	540	16
371	559	0
371	596	63
371	642	28
372	373	114
372	374	99
372	375	11
372	376	190
372	380	51
372	381	6
372	382	115
372	451	18
372	496	9
372	534	2
372	537	9
372	538	1
372	539	4
372	540	7
372	596	35
372	642	15
373	374	1068
373	375	6
373	376	34
373	380	10
373	381	2
373	382	78
373	451	2
373	496	22
373	534	27
373	537	95
373	538	3
373	539	27
373	540	59
373	559	0
373	573	0
373	596	11
373	642	2
374	375	5
374	376	26
374	380	4
374	381	2
374	382	15
374	451	2
374	496	4
374	534	1
374	537	66
374	538	1
374	539	18
374	540	41
374	559	0
374	596	6
374	642	3
375	376	82
375	380	2
375	381	8
375	382	2
375	451	123
375	496	1
375	534	1
375	537	1
375	538	0
375	539	1
375	540	1
375	559	0
375	596	165
375	642	2
376	380	28
376	381	3
376	382	20
376	451	21
376	496	28
376	534	1
376	537	2
376	538	0
376	539	2
376	540	1
376	559	0
376	596	30
376	642	20
380	381	534
380	382	1284
380	451	17
380	496	140
380	534	1
380	537	3
380	538	3
380	539	10
380	540	4
380	559	0
380	573	0
380	596	6
380	642	3
381	382	230
381	451	2
381	496	76
381	534	0
381	537	8
381	538	9
381	539	2
381	540	13
381	559	1
381	596	3
381	642	1
382	451	2
382	496	50
382	534	3
382	537	24
382	538	2
382	539	12
382	540	14
382	552	0
382	559	0
382	596	22
382	642	5
451	496	1
451	534	1
451	537	0
451	538	1
451	539	0
451	540	11
451	552	1
451	559	0
451	596	12
451	642	2
496	534	2
496	537	11
496	538	28
496	539	11
496	540	7
496	552	0
496	559	0
496	573	0
496	596	7
496	642	7
534	537	47
534	538	0
534	539	8
534	540	1
534	552	1
534	559	1
534	573	0
534	596	2
534	642	1
537	538	171
537	539	64
537	540	52
537	552	0
537	559	1
537	573	1
537	596	24
537	642	5
538	539	130
538	540	24
538	552	0
538	559	2
538	573	2
538	596	1
538	642	3
539	540	30
539	552	0
539	559	0
539	596	17
539	642	2
540	552	0
540	559	3
540	573	0
540	596	18
540	642	12
552	559	19
552	573	61
552	596	0
559	573	2
559	596	0
559	642	0
573	596	0
596	642	25