76	85	5
76	86	98
76	88	100
76	93	20
76	194	34
76	256	74
76	257	20
76	258	42
76	259	59
76	260	44
76	261	26
76	299	98
76	300	4
76	301	3
76	303	2
76	304	83
76	305	106
76	306	24
76	307	40
76	308	38
76	313	3
76	328	79
76	329	79
76	331	120
76	338	21
76	339	22
76	415	0
76	416	1
76	417	2
76	418	11
76	419	1
76	420	2
76	421	9
76	422	1
76	423	19
76	424	25
76	425	1
76	426	1
76	427	54
76	428	1
76	429	5
76	430	0
76	431	1
76	433	2
76	435	2
76	437	1
76	438	3
76	439	9
76	440	0
76	442	2
76	443	10
76	444	1
76	445	0
76	446	3
76	453	3
76	454	2
76	457	1
76	460	0
76	462	4
76	463	13
76	464	2
76	471	7
76	472	2
76	473	1
76	474	4
76	475	13
76	476	7
76	477	182
76	478	4
76	479	85
76	480	20
76	481	43
76	482	30
76	483	5
76	484	1
76	485	2
76	486	0
76	487	2
76	488	1
76	489	9
76	490	1
76	491	5
76	492	32
76	495	6
76	497	45
76	498	50
76	499	97
76	500	2
76	501	10
76	502	8
76	503	5
76	504	3
76	604	10
76	609	8
76	618	1
76	648	31
76	649	85
76	650	17
85	86	74
85	88	160
85	93	1
85	194	9
85	256	291
85	257	58
85	258	18
85	259	3
85	260	7
85	261	6
85	299	27
85	300	2
85	301	1
85	304	39
85	305	67
85	306	24
85	307	3
85	308	1
85	313	148
85	328	3
85	329	1
85	331	3
85	338	13
85	339	1
85	415	2
85	416	1
85	417	4
85	418	34
85	419	1
85	420	4
85	421	16
85	422	3
85	423	16
85	424	29
85	425	7
85	426	1
85	427	36
85	428	5
85	429	18
85	430	2
85	431	2
85	435	3
85	437	14
85	438	2
85	439	3
85	440	3
85	442	1
85	443	6
85	444	4
85	445	3
85	446	7
85	453	3
85	454	8
85	457	4
85	460	0
85	461	1
85	462	55
85	463	26
85	471	65
85	472	7
85	473	23
85	474	643
85	475	184
85	476	41
85	477	22
85	478	0
85	479	13
85	480	21
85	481	30
85	482	17
85	483	18
85	484	49
85	485	12
85	486	1
85	487	2
85	488	11
85	489	8
85	490	31
85	491	361
85	492	17
85	495	92
85	497	5
85	498	4
85	499	1
85	500	28
85	501	55
85	502	133
85	503	140
85	504	7
85	604	221
85	609	0
85	618	4
85	648	208
85	649	133
85	650	39
86	88	538
86	93	250
86	194	56
86	256	444
86	257	160
86	258	94
86	259	129
86	260	99
86	261	85
86	299	45
86	300	22
86	301	9
86	303	2
86	304	74
86	305	131
86	306	182
86	307	40
86	308	30
86	313	192
86	328	21
86	329	13
86	331	106
86	338	146
86	339	18
86	415	11
86	416	20
86	417	14
86	418	50
86	419	7
86	420	201
86	421	408
86	422	33
86	423	93
86	424	61
86	425	80
86	426	16
86	427	48
86	428	6
86	429	240
86	430	5
86	431	17
86	433	2
86	435	29
86	437	114
86	438	39
86	439	45
86	440	22
86	442	35
86	443	24
86	444	21
86	445	59
86	446	23
86	453	24
86	454	92
86	457	37
86	460	13
86	461	4
86	462	117
86	463	83
86	464	1
86	471	51
86	472	34
86	473	12
86	474	17
86	475	87
86	476	45
86	477	119
86	478	3
86	479	372
86	480	181
86	481	91
86	482	55
86	483	34
86	484	3
86	485	25
86	486	6
86	487	31
86	488	28
86	489	162
86	490	24
86	491	17
86	492	52
86	495	109
86	497	26
86	498	24
86	499	5
86	500	34
86	501	76
86	502	116
86	503	111
86	504	16
86	604	139
86	609	113
86	618	8
86	648	177
86	649	250
86	650	212
88	93	112
88	194	11
88	256	797
88	257	148
88	258	40
88	259	173
88	260	282
88	261	266
88	299	109
88	300	41
88	301	8
88	303	7
88	304	122
88	305	140
88	306	216
88	307	60
88	308	52
88	313	218
88	328	29
88	329	15
88	331	123
88	338	113
88	339	16
88	415	4
88	416	1
88	417	6
88	418	34
88	419	2
88	420	10
88	421	197
88	422	11
88	423	50
88	424	31
88	425	23
88	426	7
88	427	27
88	428	5
88	429	45
88	430	1
88	431	10
88	433	1
88	435	17
88	437	188
88	438	4
88	439	7
88	440	11
88	442	11
88	443	12
88	444	12
88	445	252
88	446	28
88	453	10
88	454	207
88	457	5
88	460	2
88	461	1
88	462	98
88	463	115
88	464	1
88	471	51
88	472	8
88	473	9
88	474	15
88	475	101
88	476	51
88	477	104
88	478	4
88	479	134
88	480	82
88	481	59
88	482	39
88	483	27
88	484	2
88	485	28
88	486	3
88	487	8
88	488	6
88	489	20
88	490	15
88	491	30
88	492	18
88	495	42
88	497	62
88	498	42
88	499	11
88	500	12
88	501	385
88	502	240
88	503	250
88	504	7
88	604	188
88	609	11
88	618	4
88	648	242
88	649	640
88	650	148
93	194	137
93	256	268
93	257	11
93	258	9
93	259	10
93	260	17
93	261	16
93	299	12
93	300	3
93	301	3
93	303	0
93	304	9
93	305	10
93	306	14
93	307	3
93	308	1
93	313	1
93	328	7
93	329	5
93	331	29
93	338	36
93	339	3
93	415	1
93	416	1
93	417	2
93	418	4
93	419	0
93	420	21
93	421	33
93	422	3
93	423	11
93	424	5
93	425	2
93	426	1
93	427	3
93	428	1
93	429	20
93	430	0
93	431	3
93	433	0
93	435	4
93	437	35
93	438	5
93	439	31
93	440	66
93	442	1
93	443	3
93	444	3
93	445	36
93	446	11
93	453	2
93	454	42
93	457	6
93	460	0
93	461	0
93	462	5
93	463	25
93	471	5
93	472	8
93	473	1
93	474	11
93	475	13
93	476	7
93	477	36
93	478	1
93	479	75
93	480	23
93	481	25
93	482	9
93	483	6
93	484	1
93	485	1
93	486	2
93	487	8
93	488	4
93	489	387
93	490	16
93	491	2
93	492	5
93	495	2
93	497	27
93	498	22
93	499	4
93	500	2
93	501	4
93	502	12
93	503	17
93	504	5
93	604	9
93	609	881
93	618	1
93	648	15
93	649	32
93	650	15
194	256	43
194	257	4
194	258	0
194	259	1
194	260	1
194	261	3
194	299	2
194	300	0
194	301	0
194	303	0
194	304	2
194	305	2
194	306	2
194	307	10
194	308	9
194	313	0
194	328	0
194	329	0
194	331	2
194	338	5
194	339	0
194	415	15
194	416	12
194	417	7
194	418	44
194	419	6
194	420	22
194	421	65
194	422	208
194	423	82
194	424	18
194	425	75
194	426	10
194	427	132
194	428	5
194	429	53
194	430	200
194	431	12
194	433	8
194	435	27
194	437	56
194	438	60
194	439	53
194	440	9
194	442	9
194	443	10
194	444	14
194	445	10
194	446	28
194	453	5
194	454	31
194	457	12
194	460	6
194	461	0
194	462	40
194	463	7
194	464	0
194	471	15
194	472	3
194	473	4
194	474	4
194	475	9
194	476	11
194	477	5
194	478	0
194	479	7
194	480	7
194	481	11
194	482	8
194	483	35
194	484	3
194	485	3
194	486	4
194	487	10
194	488	92
194	489	417
194	490	91
194	491	24
194	492	543
194	495	10
194	497	2
194	498	2
194	499	0
194	500	30
194	501	8
194	502	125
194	503	97
194	504	9
194	604	66
194	609	116
194	618	6
194	648	40
194	649	13
194	650	225
256	257	265
256	258	151
256	259	271
256	260	367
256	261	440
256	299	108
256	300	26
256	301	6
256	303	15
256	304	365
256	305	415
256	306	258
256	307	27
256	308	20
256	313	574
256	328	63
256	329	19
256	331	118
256	338	231
256	339	29
256	415	8
256	416	4
256	417	7
256	418	85
256	419	3
256	420	3
256	421	80
256	422	9
256	423	60
256	424	60
256	425	25
256	426	6
256	427	47
256	428	6
256	429	53
256	430	2
256	431	19
256	433	1
256	435	38
256	437	19
256	438	6
256	439	7
256	440	3
256	442	7
256	443	17
256	444	9
256	445	7
256	446	11
256	453	8
256	454	17
256	457	2
256	460	1
256	461	2
256	462	155
256	463	106
256	464	2
256	471	34
256	472	8
256	473	14
256	474	12
256	475	92
256	476	56
256	477	109
256	478	3
256	479	80
256	480	62
256	481	95
256	482	35
256	483	21
256	484	4
256	485	25
256	486	1
256	487	4
256	488	11
256	489	103
256	490	14
256	491	53
256	492	19
256	495	128
256	497	38
256	498	25
256	499	11
256	500	11
256	501	217
256	502	172
256	503	163
256	504	6
256	604	497
256	609	226
256	618	7
256	648	530
256	649	600
256	650	127
257	258	112
257	259	61
257	260	73
257	261	52
257	299	22
257	300	2
257	301	1
257	304	53
257	305	82
257	306	39
257	307	4
257	308	4
257	313	49
257	328	8
257	329	3
257	331	51
257	338	58
257	339	10
257	415	3
257	416	0
257	417	2
257	418	19
257	419	2
257	420	1
257	421	59
257	422	4
257	423	17
257	424	14
257	425	10
257	426	2
257	427	10
257	428	3
257	429	11
257	430	0
257	431	4
257	433	0
257	435	14
257	437	5
257	438	2
257	439	1
257	440	1
257	442	1
257	443	4
257	444	2
257	445	2
257	446	3
257	453	1
257	454	3
257	457	1
257	460	2
257	461	1
257	462	39
257	463	18
257	471	16
257	472	7
257	473	7
257	474	3
257	475	41
257	476	12
257	477	41
257	479	95
257	480	15
257	481	32
257	482	15
257	483	8
257	484	1
257	485	8
257	486	1
257	487	1
257	488	7
257	489	4
257	490	6
257	491	13
257	492	20
257	495	45
257	497	5
257	498	5
257	499	1
257	500	5
257	501	11
257	502	49
257	503	42
257	504	2
257	604	49
257	609	2
257	618	1
257	648	69
257	649	99
257	650	39
258	259	423
258	260	188
258	261	136
258	299	8
258	300	2
258	301	0
258	303	9
258	304	19
258	305	21
258	306	18
258	307	6
258	308	6
258	313	5
258	328	29
258	329	5
258	331	235
258	338	197
258	339	48
258	415	1
258	416	0
258	417	0
258	418	9
258	419	0
258	420	0
258	421	3
258	422	1
258	423	2
258	424	3
258	425	1
258	426	0
258	427	2
258	428	0
258	429	1
258	430	0
258	431	0
258	435	6
258	437	1
258	438	0
258	439	1
258	440	0
258	442	0
258	443	1
258	444	2
258	445	0
258	446	1
258	453	0
258	454	1
258	457	0
258	460	1
258	462	4
258	463	3
258	471	5
258	472	4
258	473	2
258	474	1
258	475	6
258	476	2
258	477	13
258	478	0
258	479	20
258	480	4
258	481	7
258	482	3
258	483	1
258	484	0
258	485	1
258	486	0
258	487	0
258	488	1
258	489	1
258	490	1
258	491	5
258	492	1
258	495	6
258	497	9
258	498	5
258	499	4
258	500	4
258	501	3
258	502	5
258	503	4
258	504	1
258	604	46
258	609	0
258	618	0
258	648	58
258	649	112
258	650	10
259	260	476
259	261	568
259	299	38
259	300	5
259	301	1
259	303	19
259	304	39
259	305	27
259	306	30
259	307	27
259	308	26
259	313	5
259	328	42
259	329	8
259	331	243
259	338	151
259	339	34
259	415	1
259	416	0
259	417	5
259	418	8
259	419	1
259	420	1
259	421	13
259	422	1
259	423	5
259	424	6
259	425	1
259	426	1
259	427	2
259	428	2
259	429	2
259	430	0
259	431	0
259	433	0
259	435	3
259	437	1
259	438	0
259	439	1
259	440	1
259	442	1
259	443	5
259	444	3
259	445	0
259	446	2
259	453	1
259	454	1
259	457	0
259	460	1
259	461	0
259	462	6
259	463	7
259	464	1
259	471	13
259	472	2
259	473	2
259	474	2
259	475	14
259	476	4
259	477	19
259	478	1
259	479	33
259	480	9
259	481	9
259	482	5
259	483	1
259	484	0
259	485	3
259	486	0
259	487	1
259	488	1
259	489	3
259	490	1
259	491	4
259	492	2
259	495	5
259	497	32
259	498	13
259	499	5
259	500	5
259	501	55
259	502	17
259	503	19
259	504	1
259	604	32
259	609	3
259	618	1
259	648	61
259	649	162
259	650	17
260	261	1136
260	299	8
260	300	3
260	301	3
260	304	15
260	305	19
260	306	52
260	307	17
260	308	15
260	313	2
260	328	34
260	329	5
260	331	408
260	338	61
260	339	60
260	415	0
260	416	0
260	417	6
260	418	4
260	419	1
260	420	1
260	421	21
260	422	1
260	423	7
260	424	4
260	425	2
260	426	2
260	427	2
260	428	1
260	429	5
260	430	0
260	431	2
260	435	3
260	437	5
260	438	1
260	439	1
260	440	1
260	442	4
260	443	6
260	444	0
260	445	2
260	446	2
260	453	2
260	454	2
260	457	1
260	460	0
260	462	10
260	463	6
260	464	4
260	471	3
260	472	2
260	473	2
260	474	4
260	475	11
260	476	6
260	477	21
260	478	0
260	479	92
260	480	62
260	481	9
260	482	6
260	483	2
260	484	1
260	485	3
260	486	0
260	487	1
260	488	1
260	489	2
260	490	2
260	491	7
260	492	1
260	495	3
260	497	15
260	498	10
260	499	4
260	500	3
260	501	67
260	502	22
260	503	25
260	504	2
260	604	332
260	609	2
260	618	4
260	648	272
260	649	249
260	650	53
261	299	26
261	300	8
261	301	2
261	303	1
261	304	13
261	305	17
261	306	26
261	307	24
261	308	21
261	313	3
261	328	18
261	329	4
261	331	102
261	338	81
261	339	20
261	415	0
261	416	0
261	417	4
261	418	4
261	419	1
261	420	1
261	421	16
261	422	1
261	423	10
261	424	3
261	425	1
261	426	3
261	427	6
261	428	1
261	429	3
261	430	0
261	431	1
261	433	0
261	435	3
261	437	4
261	438	1
261	439	1
261	440	0
261	442	5
261	443	5
261	444	1
261	445	2
261	446	2
261	453	4
261	454	2
261	457	1
261	460	0
261	461	0
261	462	16
261	463	13
261	464	3
261	471	3
261	472	1
261	473	0
261	474	2
261	475	8
261	476	7
261	477	15
261	478	0
261	479	15
261	480	7
261	481	6
261	482	5
261	483	1
261	484	1
261	485	2
261	486	0
261	487	3
261	488	1
261	489	3
261	490	1
261	491	13
261	492	5
261	495	3
261	497	17
261	498	11
261	499	4
261	500	5
261	501	59
261	502	23
261	503	26
261	504	1
261	604	224
261	609	2
261	618	5
261	648	212
261	649	177
261	650	41
299	300	252
299	301	122
299	303	1
299	304	334
299	305	318
299	306	236
299	307	16
299	308	14
299	313	13
299	328	54
299	329	28
299	331	72
299	338	25
299	339	7
299	415	4
299	416	1
299	417	3
299	418	34
299	419	1
299	420	1
299	421	14
299	422	3
299	423	27
299	424	30
299	425	5
299	426	2
299	427	44
299	428	2
299	429	17
299	430	0
299	431	6
299	433	0
299	435	23
299	437	3
299	438	1
299	439	3
299	440	1
299	442	3
299	443	7
299	444	4
299	445	0
299	446	7
299	453	31
299	454	61
299	457	1
299	460	1
299	462	5
299	463	59
299	471	84
299	472	3
299	473	8
299	474	31
299	475	53
299	476	11
299	477	313
299	478	23
299	479	98
299	480	100
299	481	93
299	482	37
299	483	20
299	484	1
299	485	6
299	486	2
299	487	3
299	488	6
299	489	3
299	490	4
299	491	42
299	492	2
299	495	7
299	497	89
299	498	57
299	499	44
299	500	22
299	501	50
299	502	37
299	503	18
299	504	15
299	604	13
299	609	3
299	618	1
299	648	126
299	649	194
299	650	32
300	301	10
300	303	1
300	304	43
300	305	74
300	306	130
300	307	7
300	308	3
300	313	1
300	328	5
300	329	2
300	331	5
300	338	5
300	339	6
300	415	0
300	416	0
300	417	0
300	418	6
300	419	0
300	420	2
300	421	1
300	422	0
300	423	2
300	424	3
300	425	0
300	426	0
300	427	1
300	428	0
300	429	1
300	430	0
300	431	0
300	435	0
300	437	1
300	438	0
300	439	1
300	440	0
300	442	1
300	443	1
300	444	0
300	445	0
300	446	1
300	453	0
300	454	0
300	457	0
300	460	0
300	462	3
300	463	10
300	464	2
300	471	8
300	472	0
300	473	1
300	474	2
300	475	12
300	476	3
300	477	32
300	478	1
300	479	9
300	480	9
300	481	8
300	482	3
300	483	2
300	484	0
300	485	0
300	486	0
300	487	0
300	488	1
300	489	3
300	490	1
300	491	1
300	492	1
300	495	2
300	497	11
300	498	4
300	499	4
300	500	1
300	501	26
300	502	20
300	503	16
300	504	1
300	604	7
300	609	0
300	618	1
300	648	49
300	649	67
300	650	4
301	304	27
301	305	24
301	306	136
301	307	0
301	308	0
301	313	0
301	328	12
301	329	5
301	331	8
301	338	0
301	339	0
301	416	0
301	417	0
301	418	13
301	420	0
301	421	0
301	422	0
301	423	1
301	424	3
301	427	1
301	428	0
301	429	0
301	435	0
301	437	0
301	438	0
301	439	1
301	440	0
301	442	0
301	443	2
301	444	0
301	446	0
301	454	0
301	457	0
301	462	1
301	463	1
301	471	8
301	472	1
301	473	2
301	474	4
301	475	8
301	476	1
301	477	17
301	478	1
301	479	13
301	480	73
301	481	14
301	482	1
301	483	8
301	484	0
301	485	0
301	488	1
301	489	1
301	490	2
301	491	0
301	492	1
301	495	2
301	497	16
301	498	5
301	499	1
301	500	2
301	501	12
301	502	5
301	503	3
301	504	1
301	604	1
301	648	13
301	649	17
301	650	2
303	304	1
303	305	1
303	306	21
303	307	1
303	308	0
303	313	4
303	328	2
303	331	1
303	338	2
303	415	2
303	416	1
303	417	0
303	418	8
303	419	1
303	421	2
303	422	1
303	423	28
303	424	2
303	425	16
303	426	2
303	427	5
303	428	1
303	429	23
303	430	2
303	431	5
303	437	0
303	439	0
303	442	6
303	443	0
303	444	0
303	453	0
303	454	0
303	462	7
303	463	2
303	471	0
303	475	0
303	477	0
303	479	2
303	480	1
303	481	0
303	483	0
303	488	1
303	490	2
303	491	0
303	492	0
303	497	0
303	498	1
303	501	1
303	502	1
303	503	0
303	604	7
303	648	8
303	649	3
303	650	18
304	305	1666
304	306	831
304	307	2
304	308	1
304	313	28
304	328	64
304	329	36
304	331	109
304	338	55
304	339	4
304	415	3
304	416	1
304	417	7
304	418	177
304	419	1
304	420	1
304	421	21
304	422	3
304	423	35
304	424	91
304	425	7
304	426	2
304	427	62
304	428	5
304	429	20
304	430	1
304	431	5
304	433	0
304	435	27
304	437	4
304	438	2
304	439	6
304	440	2
304	442	2
304	443	24
304	444	5
304	445	0
304	446	6
304	453	3
304	454	2
304	457	1
304	460	0
304	461	1
304	462	16
304	463	17
304	471	96
304	472	6
304	473	13
304	474	69
304	475	160
304	476	50
304	477	364
304	478	47
304	479	194
304	480	310
304	481	277
304	482	70
304	483	38
304	484	2
304	485	38
304	486	3
304	487	1
304	488	6
304	489	2
304	490	7
304	491	43
304	492	4
304	495	175
304	497	45
304	498	33
304	499	23
304	500	5
304	501	56
304	502	45
304	503	22
304	504	15
304	604	52
304	609	2
304	618	1
304	648	232
304	649	300
304	650	42
305	306	682
305	307	4
305	308	3
305	313	57
305	328	105
305	329	30
305	331	84
305	338	54
305	339	4
305	415	3
305	416	1
305	417	6
305	418	168
305	419	0
305	420	1
305	421	14
305	422	1
305	423	27
305	424	129
305	425	3
305	426	1
305	427	90
305	428	4
305	429	8
305	430	0
305	431	1
305	433	0
305	435	10
305	437	2
305	438	2
305	439	3
305	440	1
305	442	2
305	443	28
305	444	6
305	445	0
305	446	2
305	453	2
305	454	1
305	457	1
305	460	0
305	462	16
305	463	22
305	471	100
305	472	6
305	473	15
305	474	45
305	475	165
305	476	39
305	477	346
305	478	24
305	479	211
305	480	224
305	481	258
305	482	82
305	483	46
305	484	1
305	485	43
305	486	2
305	487	1
305	488	3
305	489	2
305	490	7
305	491	13
305	492	4
305	495	169
305	497	41
305	498	26
305	499	20
305	500	5
305	501	65
305	502	39
305	503	30
305	504	21
305	604	86
305	609	1
305	618	0
305	648	233
305	649	312
305	650	43
306	307	678
306	308	653
306	313	28
306	328	24
306	329	9
306	331	79
306	338	24
306	339	5
306	415	4
306	416	2
306	417	3
306	418	82
306	419	2
306	420	26
306	421	35
306	422	38
306	423	99
306	424	28
306	425	15
306	426	27
306	427	12
306	428	2
306	429	42
306	430	1
306	431	11
306	433	0
306	435	6
306	437	9
306	438	4
306	439	3
306	440	2
306	442	4
306	443	8
306	444	3
306	445	1
306	446	6
306	453	2
306	454	4
306	457	2
306	460	0
306	461	1
306	462	28
306	463	118
306	471	42
306	472	4
306	473	8
306	474	25
306	475	77
306	476	26
306	477	119
306	478	9
306	479	331
306	480	461
306	481	135
306	482	16
306	483	19
306	484	41
306	485	11
306	486	6
306	487	3
306	488	2
306	489	4
306	490	4
306	491	10
306	492	7
306	495	159
306	497	21
306	498	10
306	499	4
306	500	3
306	501	27
306	502	24
306	503	22
306	504	4
306	604	29
306	609	6
306	618	1
306	648	213
306	649	364
306	650	62
307	308	1964
307	313	2
307	328	1
307	329	1
307	331	4
307	338	3
307	339	1
307	415	0
307	416	5
307	417	1
307	418	3
307	419	24
307	420	71
307	421	7
307	422	48
307	423	62
307	424	3
307	425	2
307	426	69
307	427	1
307	428	0
307	429	19
307	430	0
307	431	1
307	433	0
307	435	1
307	437	7
307	438	19
307	439	2
307	440	1
307	442	21
307	443	2
307	444	2
307	445	1
307	446	1
307	453	33
307	454	8
307	457	34
307	460	0
307	462	2
307	463	22
307	471	1
307	472	0
307	473	6
307	474	5
307	475	2
307	476	1
307	477	3
307	479	7
307	480	4
307	481	2
307	482	1
307	483	1
307	484	0
307	485	1
307	486	0
307	487	0
307	488	1
307	489	1
307	490	1
307	491	1
307	492	19
307	495	2
307	497	1
307	498	1
307	499	0
307	500	0
307	501	4
307	502	5
307	503	5
307	504	2
307	604	5
307	609	1
307	618	1
307	648	13
307	649	47
307	650	8
308	313	1
308	328	1
308	329	1
308	331	4
308	338	2
308	339	1
308	415	0
308	416	5
308	417	1
308	418	3
308	419	26
308	420	60
308	421	7
308	422	46
308	423	59
308	424	2
308	425	2
308	426	71
308	427	1
308	428	0
308	429	19
308	430	0
308	431	1
308	433	0
308	435	1
308	437	7
308	438	20
308	439	2
308	440	0
308	442	23
308	443	2
308	444	1
308	445	0
308	446	0
308	453	36
308	454	8
308	457	24
308	460	0
308	462	1
308	463	14
308	471	1
308	472	0
308	473	6
308	474	5
308	475	1
308	476	1
308	477	2
308	479	7
308	480	4
308	481	2
308	482	1
308	483	0
308	484	0
308	485	0
308	486	0
308	487	0
308	488	1
308	489	1
308	490	1
308	491	1
308	492	18
308	495	2
308	497	1
308	498	1
308	500	0
308	501	4
308	502	3
308	503	3
308	504	2
308	604	4
308	609	1
308	618	1
308	648	10
308	649	39
308	650	7
313	328	5
313	331	4
313	338	19
313	339	1
313	415	1
313	416	0
313	417	1
313	418	11
313	419	0
313	420	1
313	421	5
313	422	1
313	423	9
313	424	12
313	425	3
313	426	0
313	427	10
313	428	0
313	429	8
313	430	0
313	431	3
313	433	1
313	435	3
313	437	2
313	438	0
313	439	1
313	440	1
313	442	1
313	443	2
313	444	0
313	445	1
313	446	1
313	453	0
313	454	3
313	457	0
313	461	3
313	462	22
313	463	145
313	471	7
313	472	2
313	473	2
313	474	1
313	475	15
313	476	32
313	477	6
313	479	4
313	480	3
313	481	10
313	482	3
313	483	4
313	484	0
313	485	5
313	487	0
313	488	4
313	489	1
313	490	5
313	491	3
313	492	3
313	495	12
313	497	1
313	498	1
313	500	5
313	501	5
313	502	25
313	503	22
313	504	0
313	604	336
313	609	1
313	618	0
313	648	294
313	649	213
313	650	30
328	329	733
328	331	423
328	338	33
328	339	32
328	415	0
328	416	0
328	417	5
328	418	15
328	419	1
328	420	0
328	421	8
328	422	0
328	423	6
328	424	29
328	425	0
328	426	1
328	427	10
328	428	1
328	429	1
328	430	0
328	431	0
328	433	0
328	435	1
328	437	1
328	438	1
328	439	10
328	440	1
328	442	2
328	443	11
328	444	1
328	445	0
328	446	2
328	453	2
328	454	4
328	457	1
328	460	0
328	462	3
328	463	8
328	471	18
328	472	4
328	473	7
328	474	13
328	475	49
328	476	32
328	477	79
328	478	7
328	479	44
328	480	34
328	481	61
328	482	32
328	483	11
328	484	1
328	485	5
328	486	1
328	487	1
328	488	2
328	489	1
328	490	3
328	491	1
328	492	3
328	495	19
328	497	593
328	498	385
328	499	234
328	500	3
328	501	17
328	502	10
328	503	8
328	504	2
328	604	20
328	609	1
328	618	0
328	648	31
328	649	205
328	650	14
329	331	535
329	338	3
329	339	31
329	415	0
329	416	18
329	417	36
329	418	9
329	419	0
329	420	0
329	421	8
329	422	0
329	423	6
329	424	9
329	425	0
329	426	2
329	427	10
329	428	1
329	429	1
329	430	0
329	431	0
329	435	0
329	437	1
329	438	3
329	439	223
329	440	2
329	442	10
329	443	126
329	444	0
329	445	0
329	446	2
329	453	2
329	454	2
329	457	1
329	460	0
329	461	1
329	462	1
329	463	90
329	471	8
329	472	2
329	473	10
329	474	4
329	475	50
329	476	67
329	477	72
329	478	2
329	479	35
329	480	12
329	481	79
329	482	35
329	483	13
329	484	1
329	485	4
329	486	1
329	487	1
329	488	1
329	489	1
329	490	2
329	491	1
329	492	1
329	495	15
329	497	506
329	498	863
329	499	175
329	500	1
329	501	4
329	502	4
329	503	4
329	504	4
329	604	3
329	609	1
329	618	0
329	648	19
329	649	152
329	650	7
331	338	41
331	339	233
331	415	0
331	416	17
331	417	42
331	418	10
331	419	1
331	420	1
331	421	40
331	422	1
331	423	9
331	424	7
331	425	4
331	426	2
331	427	7
331	428	2
331	429	4
331	430	1
331	431	1
331	433	0
331	435	5
331	437	3
331	438	2
331	439	238
331	440	2
331	442	11
331	443	137
331	444	1
331	445	2
331	446	3
331	453	3
331	454	3
331	457	1
331	460	0
331	461	0
331	462	4
331	463	100
331	464	0
331	471	15
331	472	3
331	473	15
331	474	7
331	475	27
331	476	11
331	477	71
331	478	7
331	479	129
331	480	71
331	481	39
331	482	15
331	483	5
331	484	0
331	485	4
331	486	1
331	487	2
331	488	1
331	489	3
331	490	2
331	491	4
331	492	2
331	495	9
331	497	302
331	498	623
331	499	117
331	500	3
331	501	24
331	502	11
331	503	14
331	504	4
331	604	18
331	609	2
331	618	1
331	648	34
331	649	372
331	650	23
338	339	235
338	415	5
338	416	1
338	417	2
338	418	20
338	419	1
338	420	2
338	421	20
338	422	7
338	423	44
338	424	19
338	425	11
338	426	3
338	427	15
338	428	1
338	429	28
338	430	2
338	431	10
338	433	1
338	435	28
338	437	18
338	438	1
338	439	2
338	440	1
338	442	2
338	443	4
338	444	8
338	445	12
338	446	5
338	453	9
338	454	15
338	457	8
338	460	0
338	461	0
338	462	26
338	463	10
338	464	2
338	471	8
338	472	8
338	473	2
338	474	2
338	475	8
338	476	6
338	477	21
338	478	0
338	479	16
338	480	7
338	481	10
338	482	5
338	483	2
338	484	1
338	485	1
338	486	3
338	487	3
338	488	7
338	489	5
338	490	4
338	491	32
338	492	4
338	495	26
338	497	6
338	498	5
338	499	1
338	500	3
338	501	21
338	502	39
338	503	23
338	504	1
338	604	297
338	609	7
338	618	8
338	648	287
338	649	217
338	650	51
339	415	1
339	416	0
339	417	2
339	418	1
339	419	0
339	420	0
339	421	3
339	422	0
339	423	2
339	424	1
339	425	0
339	426	2
339	427	1
339	428	0
339	429	1
339	430	0
339	431	1
339	433	1
339	435	2
339	437	1
339	438	0
339	439	2
339	440	0
339	442	3
339	443	2
339	444	5
339	445	0
339	446	1
339	453	2
339	454	1
339	457	1
339	460	0
339	462	2
339	463	4
339	471	3
339	472	3
339	473	1
339	474	0
339	475	2
339	476	1
339	477	6
339	478	0
339	479	4
339	480	3
339	481	2
339	482	1
339	483	0
339	484	1
339	485	0
339	486	0
339	487	0
339	488	0
339	489	1
339	490	1
339	491	2
339	492	1
339	495	1
339	497	18
339	498	20
339	499	6
339	500	1
339	501	1
339	502	3
339	503	5
339	504	1
339	604	54
339	609	1
339	618	1
339	648	38
339	649	70
339	650	5
415	416	301
415	417	14
415	418	237
415	419	264
415	420	82
415	421	47
415	422	114
415	423	675
415	424	165
415	425	148
415	426	408
415	427	540
415	428	6
415	429	150
415	430	26
415	431	60
415	433	160
415	435	174
415	437	357
415	438	40
415	439	13
415	440	6
415	442	170
415	443	22
415	444	450
415	445	5
415	446	2
415	453	44
415	454	20
415	457	15
415	460	2
415	461	9
415	462	16
415	463	122
415	471	42
415	472	4
415	473	4
415	474	3
415	475	11
415	476	5
415	477	4
415	478	0
415	479	6
415	480	12
415	481	10
415	482	9
415	483	5
415	484	4
415	485	6
415	486	0
415	487	0
415	488	8
415	489	4
415	490	6
415	491	8
415	492	28
415	495	6
415	497	1
415	498	1
415	499	0
415	500	3
415	501	3
415	502	41
415	503	10
415	504	1
415	604	11
415	609	13
415	618	1
415	648	131
415	649	21
415	650	234
416	417	22
416	418	245
416	419	35
416	420	26
416	421	9
416	422	16
416	423	248
416	424	58
416	425	29
416	426	62
416	427	261
416	428	14
416	429	28
416	430	8
416	431	8
416	433	186
416	435	44
416	437	100
416	438	993
416	439	74
416	440	18
416	442	122
416	443	32
416	444	110
416	445	1
416	446	2
416	453	33
416	454	11
416	457	25
416	460	3
416	461	2
416	462	5
416	463	64
416	471	60
416	472	2
416	473	6
416	474	1
416	475	142
416	476	3
416	477	3
416	479	1
416	480	5
416	481	7
416	482	4
416	483	3
416	484	0
416	485	8
416	486	0
416	487	0
416	488	5
416	489	10
416	490	5
416	491	3
416	492	63
416	495	5
416	497	5
416	498	29
416	499	0
416	500	6
416	501	1
416	502	17
416	503	7
416	504	1
416	604	3
416	609	2
416	618	0
416	648	37
416	649	7
416	650	118
417	418	141
417	419	8
417	420	37
417	421	21
417	422	19
417	423	76
417	424	791
417	425	19
417	426	25
417	427	35
417	428	562
417	429	20
417	430	22
417	431	6
417	433	4
417	435	26
417	437	13
417	438	16
417	439	412
417	440	24
417	442	84
417	443	1733
417	444	18
417	445	11
417	446	59
417	453	225
417	454	21
417	457	64
417	460	2
417	461	0
417	462	6
417	463	18
417	464	0
417	471	32
417	472	8
417	473	26
417	474	1
417	475	45
417	476	42
417	477	16
417	478	0
417	479	11
417	480	25
417	481	34
417	482	118
417	483	34
417	484	2
417	485	296
417	486	1
417	487	2
417	488	8
417	489	10
417	490	14
417	491	5
417	492	15
417	495	12
417	497	14
417	498	71
417	499	3
417	500	13
417	501	4
417	502	25
417	503	42
417	504	5
417	604	5
417	609	1
417	618	2
417	648	55
417	649	19
417	650	417
418	419	10
418	420	8
418	421	53
418	422	43
418	423	128
418	424	651
418	425	22
418	426	21
418	427	610
418	428	52
418	429	47
418	430	13
418	431	5
418	433	19
418	435	364
418	437	78
418	438	59
418	439	64
418	440	13
418	442	23
418	443	256
418	444	359
418	445	3
418	446	4
418	453	9
418	454	8
418	457	6
418	460	18
418	461	7
418	462	43
418	463	109
418	464	0
418	471	468
418	472	143
418	473	268
418	474	18
418	475	234
418	476	74
418	477	121
418	478	3
418	479	112
418	480	107
418	481	255
418	482	117
418	483	83
418	484	2
418	485	136
418	486	2
418	487	2
418	488	117
418	489	20
418	490	149
418	491	96
418	492	100
418	495	155
418	497	10
418	498	11
418	499	4
418	500	97
418	501	33
418	502	121
418	503	61
418	504	14
418	604	24
418	609	1
418	618	22
418	648	327
418	649	105
418	650	200
419	420	152
419	421	91
419	422	72
419	423	658
419	424	12
419	425	584
419	426	485
419	427	110
419	428	4
419	429	263
419	430	254
419	431	163
419	433	23
419	435	8
419	437	45
419	438	14
419	439	7
419	440	2
419	442	95
419	443	11
419	444	38
419	445	7
419	446	5
419	453	31
419	454	56
419	457	14
419	460	1
419	461	1
419	462	3
419	463	5
419	471	2
419	472	1
419	473	0
419	474	0
419	475	4
419	476	3
419	477	1
419	479	1
419	480	5
419	481	2
419	482	3
419	483	5
419	484	2
419	485	3
419	486	0
419	487	0
419	488	1
419	489	1
419	490	2
419	491	1
419	492	7
419	495	0
419	497	1
419	498	1
419	499	0
419	500	1
419	501	0
419	502	5
419	503	4
419	504	0
419	604	5
419	609	7
419	618	0
419	648	7
419	649	3
419	650	370
420	421	58
420	422	285
420	423	331
420	424	38
420	425	63
420	426	353
420	427	10
420	428	9
420	429	197
420	430	45
420	431	19
420	433	6
420	435	2
420	437	30
420	438	51
420	439	16
420	440	9
420	442	132
420	443	31
420	444	44
420	445	2
420	446	3
420	453	31
420	454	40
420	457	601
420	460	4
420	461	4
420	462	6
420	463	4
420	464	0
420	471	4
420	472	2
420	473	1
420	474	1
420	475	2
420	476	2
420	477	2
420	478	0
420	479	3
420	480	5
420	481	2
420	482	2
420	483	3
420	484	1
420	485	2
420	486	1
420	487	3
420	488	5
420	489	5
420	490	5
420	491	1
420	492	14
420	495	1
420	497	0
420	498	1
420	500	4
420	501	1
420	502	32
420	503	32
420	504	6
420	604	3
420	609	5
420	618	0
420	648	5
420	649	3
420	650	93
421	422	117
421	423	520
421	424	44
421	425	784
421	426	91
421	427	74
421	428	17
421	429	344
421	430	113
421	431	225
421	433	4
421	435	11
421	437	16
421	438	11
421	439	16
421	440	4
421	442	32
421	443	33
421	444	7
421	445	11
421	446	50
421	453	22
421	454	16
421	457	7
421	460	2
421	461	0
421	462	9
421	463	6
421	464	0
421	471	20
421	472	4
421	473	8
421	474	14
421	475	66
421	476	47
421	477	58
421	478	1
421	479	70
421	480	28
421	481	35
421	482	36
421	483	52
421	484	10
421	485	30
421	486	10
421	487	8
421	488	8
421	489	16
421	490	15
421	491	12
421	492	15
421	495	4
421	497	12
421	498	19
421	499	1
421	500	6
421	501	32
421	502	45
421	503	44
421	504	5
421	604	37
421	609	27
421	618	2
421	648	39
421	649	35
421	650	886
422	423	434
422	424	32
422	425	171
422	426	320
422	427	83
422	428	6
422	429	214
422	430	105
422	431	106
422	433	7
422	435	30
422	437	27
422	438	21
422	439	117
422	440	18
422	442	87
422	443	29
422	444	45
422	445	4
422	446	8
422	453	20
422	454	43
422	457	64
422	460	4
422	461	0
422	462	11
422	463	7
422	471	10
422	472	3
422	473	3
422	474	1
422	475	8
422	476	6
422	477	5
422	478	0
422	479	3
422	480	17
422	481	5
422	482	14
422	483	12
422	484	9
422	485	5
422	486	1
422	487	2
422	488	30
422	489	25
422	490	30
422	491	15
422	492	56
422	495	1
422	497	1
422	498	2
422	499	0
422	500	23
422	501	4
422	502	146
422	503	135
422	504	31
422	604	29
422	609	25
422	618	1
422	648	28
422	649	11
422	650	237
423	424	147
423	425	1082
423	426	852
423	427	302
423	428	18
423	429	1053
423	430	272
423	431	557
423	433	39
423	435	52
423	437	97
423	438	64
423	439	57
423	440	9
423	442	269
423	443	104
423	444	99
423	445	6
423	446	20
423	453	54
423	454	49
423	457	72
423	460	3
423	461	2
423	462	36
423	463	28
423	464	1
423	471	32
423	472	3
423	473	8
423	474	9
423	475	69
423	476	41
423	477	53
423	478	1
423	479	23
423	480	76
423	481	42
423	482	54
423	483	42
423	484	42
423	485	41
423	486	3
423	487	4
423	488	14
423	489	8
423	490	16
423	491	19
423	492	22
423	495	12
423	497	5
423	498	7
423	499	2
423	500	7
423	501	9
423	502	62
423	503	48
423	504	9
423	604	54
423	609	101
423	618	3
423	648	83
423	649	43
423	650	1031
424	425	47
424	426	15
424	427	380
424	428	896
424	429	76
424	430	64
424	431	47
424	433	14
424	435	187
424	437	66
424	438	27
424	439	241
424	440	21
424	442	16
424	443	1121
424	444	354
424	445	4
424	446	33
424	453	56
424	454	35
424	457	46
424	460	3
424	461	7
424	462	31
424	463	62
424	471	186
424	472	19
424	473	64
424	474	19
424	475	435
424	476	251
424	477	304
424	478	3
424	479	77
424	480	345
424	481	380
424	482	326
424	483	296
424	484	16
424	485	699
424	486	2
424	487	4
424	488	27
424	489	17
424	490	40
424	491	23
424	492	36
424	495	103
424	497	12
424	498	12
424	499	5
424	500	18
424	501	13
424	502	86
424	503	49
424	504	7
424	604	29
424	609	14
424	618	5
424	648	278
424	649	70
424	650	416
425	426	223
425	427	82
425	428	5
425	429	934
425	430	511
425	431	847
425	433	8
425	435	8
425	437	29
425	438	14
425	439	14
425	440	4
425	442	61
425	443	35
425	444	23
425	445	3
425	446	4
425	453	9
425	454	48
425	457	17
425	460	1
425	461	0
425	462	25
425	463	9
425	471	7
425	472	1
425	473	2
425	474	3
425	475	23
425	476	19
425	477	11
425	478	0
425	479	9
425	480	43
425	481	10
425	482	26
425	483	39
425	484	20
425	485	12
425	486	0
425	487	2
425	488	6
425	489	5
425	490	7
425	491	4
425	492	9
425	495	3
425	497	1
425	498	2
425	499	0
425	500	2
425	501	3
425	502	12
425	503	9
425	504	2
425	604	38
425	609	57
425	618	2
425	648	28
425	649	19
425	650	1114
426	427	176
426	428	5
426	429	273
426	430	43
426	431	101
426	433	9
426	435	4
426	437	37
426	438	18
426	439	12
426	440	2
426	442	614
426	443	24
426	444	11
426	445	1
426	446	3
426	453	263
426	454	19
426	457	37
426	460	1
426	461	0
426	462	6
426	463	2
426	471	4
426	472	1
426	473	2
426	474	1
426	475	5
426	476	6
426	477	3
426	478	0
426	479	2
426	480	6
426	481	3
426	482	6
426	483	3
426	484	5
426	485	7
426	486	1
426	487	1
426	488	2
426	489	2
426	490	3
426	491	1
426	492	5
426	495	1
426	497	2
426	498	3
426	499	0
426	500	2
426	501	2
426	502	12
426	503	13
426	504	2
426	604	5
426	609	24
426	618	0
426	648	7
426	649	5
426	650	287
427	428	17
427	429	102
427	430	28
427	431	19
427	433	26
427	435	324
427	437	188
427	438	94
427	439	32
427	440	21
427	442	220
427	443	91
427	444	466
427	445	59
427	446	30
427	453	31
427	454	32
427	457	6
427	460	5
427	461	9
427	462	36
427	463	129
427	464	1
427	471	131
427	472	13
427	473	28
427	474	11
427	475	210
427	476	66
427	477	212
427	478	2
427	479	38
427	480	154
427	481	186
427	482	146
427	483	130
427	484	4
427	485	140
427	486	3
427	487	2
427	488	52
427	489	27
427	490	52
427	491	33
427	492	322
427	495	41
427	497	9
427	498	10
427	499	5
427	500	14
427	501	7
427	502	160
427	503	87
427	504	3
427	604	36
427	609	2
427	618	8
427	648	235
427	649	51
427	650	243
428	429	10
428	430	5
428	431	10
428	433	8
428	435	17
428	437	7
428	438	6
428	439	173
428	440	23
428	442	12
428	443	844
428	444	11
428	445	13
428	446	60
428	453	26
428	454	21
428	457	15
428	460	1
428	461	0
428	462	19
428	463	3
428	464	0
428	471	14
428	472	1
428	473	5
428	474	3
428	475	53
428	476	42
428	477	9
428	478	0
428	479	7
428	480	13
428	481	26
428	482	56
428	483	15
428	484	6
428	485	180
428	486	1
428	487	1
428	488	5
428	489	6
428	490	10
428	491	4
428	492	6
428	495	4
428	497	3
428	498	4
428	499	0
428	500	2
428	501	2
428	502	16
428	503	20
428	504	4
428	604	3
428	609	2
428	618	2
428	648	22
428	649	6
428	650	288
429	430	154
429	431	474
429	433	9
429	435	15
429	437	63
429	438	28
429	439	36
429	440	20
429	442	125
429	443	49
429	444	30
429	445	13
429	446	26
429	453	26
429	454	124
429	457	25
429	460	5
429	461	1
429	462	46
429	463	16
429	464	1
429	471	13
429	472	3
429	473	10
429	474	10
429	475	53
429	476	87
429	477	33
429	478	0
429	479	13
429	480	94
429	481	29
429	482	58
429	483	37
429	484	38
429	485	36
429	486	1
429	487	5
429	488	8
429	489	12
429	490	15
429	491	16
429	492	11
429	495	5
429	497	2
429	498	3
429	499	1
429	500	5
429	501	8
429	502	47
429	503	43
429	504	4
429	604	52
429	609	112
429	618	3
429	648	49
429	649	34
429	650	731
430	431	216
430	433	18
430	435	10
430	437	18
430	438	11
430	439	9
430	440	1
430	442	11
430	443	29
430	444	22
430	445	0
430	446	0
430	453	3
430	454	9
430	457	14
430	460	1
430	461	0
430	462	3
430	463	3
430	471	3
430	472	1
430	473	0
430	474	0
430	475	5
430	476	4
430	477	2
430	479	1
430	480	5
430	481	3
430	482	3
430	483	11
430	484	6
430	485	4
430	486	0
430	487	1
430	488	10
430	489	5
430	490	12
430	491	1
430	492	12
430	495	1
430	497	0
430	498	0
430	500	1
430	501	0
430	502	6
430	503	4
430	504	0
430	604	82
430	609	4
430	618	3
430	648	28
430	649	5
430	650	581
431	433	1
431	435	4
431	437	5
431	438	2
431	439	3
431	440	1
431	442	16
431	443	27
431	444	4
431	445	1
431	446	5
431	453	6
431	454	14
431	457	4
431	460	0
431	461	0
431	462	9
431	463	4
431	471	2
431	472	0
431	473	0
431	474	6
431	475	33
431	476	18
431	477	8
431	478	0
431	479	3
431	480	52
431	481	5
431	482	51
431	483	25
431	484	102
431	485	14
431	486	0
431	487	2
431	488	2
431	489	2
431	490	4
431	491	5
431	492	3
431	495	1
431	497	1
431	498	1
431	499	1
431	500	1
431	501	1
431	502	4
431	503	2
431	504	0
431	604	32
431	609	272
431	618	2
431	648	22
431	649	21
431	650	548
433	435	60
433	437	138
433	438	193
433	439	10
433	440	2
433	442	66
433	443	6
433	444	105
433	445	2
433	446	1
433	453	9
433	454	13
433	457	13
433	462	2
433	463	5
433	471	4
433	472	1
433	474	0
433	475	6
433	476	0
433	477	1
433	479	0
433	480	0
433	481	0
433	483	0
433	485	1
433	488	1
433	489	1
433	490	1
433	491	2
433	492	5
433	495	1
433	497	0
433	498	0
433	500	0
433	501	0
433	502	3
433	503	1
433	504	1
433	604	2
433	609	0
433	618	0
433	648	13
433	649	2
433	650	44
435	437	266
435	438	46
435	439	24
435	440	15
435	442	468
435	443	38
435	444	438
435	445	66
435	446	20
435	453	33
435	454	56
435	457	3
435	460	3
435	461	6
435	462	23
435	463	161
435	464	1
435	471	130
435	472	32
435	473	54
435	474	3
435	475	11
435	476	6
435	477	30
435	478	0
435	479	11
435	480	7
435	481	16
435	482	9
435	483	8
435	484	1
435	485	6
435	486	1
435	487	2
435	488	58
435	489	19
435	490	21
435	491	256
435	492	66
435	495	10
435	497	2
435	498	2
435	499	2
435	500	29
435	501	20
435	502	104
435	503	46
435	504	7
435	604	36
435	609	2
435	618	45
435	648	306
435	649	47
435	650	84
437	438	246
437	439	336
437	440	72
437	442	469
437	443	18
437	444	224
437	445	453
437	446	47
437	453	181
437	454	401
437	457	54
437	460	12
437	461	10
437	462	38
437	463	361
437	471	21
437	472	9
437	473	2
437	474	2
437	475	7
437	476	6
437	477	6
437	478	0
437	479	4
437	480	9
437	481	5
437	482	5
437	483	36
437	484	2
437	485	4
437	486	1
437	487	3
437	488	22
437	489	97
437	490	22
437	491	8
437	492	263
437	495	13
437	497	10
437	498	10
437	499	0
437	500	11
437	501	3
437	502	175
437	503	197
437	504	5
437	604	24
437	609	3
437	618	2
437	648	73
437	649	27
437	650	53
438	439	144
438	440	18
438	442	144
438	443	22
438	444	31
438	445	4
438	446	5
438	453	32
438	454	27
438	457	62
438	460	6
438	461	0
438	462	8
438	463	72
438	471	22
438	472	4
438	473	3
438	474	1
438	475	38
438	476	4
438	477	4
438	478	0
438	479	2
438	480	9
438	481	5
438	482	4
438	483	10
438	484	0
438	485	4
438	486	1
438	487	1
438	488	25
438	489	156
438	490	9
438	491	3
438	492	428
438	495	7
438	497	1
438	498	4
438	499	0
438	500	25
438	501	3
438	502	40
438	503	17
438	504	3
438	604	4
438	609	0
438	618	1
438	648	15
438	649	8
438	650	38
439	440	711
439	442	66
439	443	511
439	444	17
439	445	21
439	446	71
439	453	84
439	454	32
439	457	31
439	460	5
439	461	1
439	462	11
439	463	127
439	464	0
439	471	14
439	472	8
439	473	5
439	474	3
439	475	11
439	476	12
439	477	12
439	478	0
439	479	8
439	480	10
439	481	27
439	482	21
439	483	25
439	484	1
439	485	33
439	486	3
439	487	11
439	488	27
439	489	214
439	490	135
439	491	6
439	492	132
439	495	13
439	497	59
439	498	399
439	499	11
439	500	20
439	501	7
439	502	43
439	503	47
439	504	6
439	604	6
439	609	4
439	618	3
439	648	34
439	649	29
439	650	136
440	442	4
440	443	17
440	444	11
440	445	14
440	446	21
440	453	8
440	454	18
440	457	9
440	460	26
440	461	2
440	462	6
440	463	7
440	464	0
440	471	6
440	472	28
440	473	5
440	474	1
440	475	7
440	476	17
440	477	8
440	478	0
440	479	3
440	480	5
440	481	11
440	482	15
440	483	4
440	484	1
440	485	7
440	486	0
440	487	3
440	488	6
440	489	213
440	490	219
440	491	3
440	492	20
440	495	2
440	497	2
440	498	4
440	499	0
440	500	3
440	501	4
440	502	10
440	503	9
440	504	3
440	604	3
440	609	2
440	618	1
440	648	12
440	649	5
440	650	11
442	443	80
442	444	23
442	445	50
442	446	31
442	453	182
442	454	84
442	457	27
442	460	1
442	462	10
442	463	9
442	471	10
442	472	1
442	473	3
442	474	1
442	475	7
442	476	5
442	477	3
442	478	0
442	479	2
442	480	5
442	481	4
442	482	13
442	483	6
442	484	1
442	485	12
442	486	1
442	487	1
442	488	4
442	489	4
442	490	5
442	491	4
442	492	55
442	495	3
442	497	5
442	498	16
442	499	1
442	500	3
442	501	2
442	502	31
442	503	35
442	504	2
442	604	16
442	609	5
442	618	2
442	648	53
442	649	15
442	650	104
443	444	31
443	445	12
443	446	81
443	453	176
443	454	23
443	457	44
443	460	2
443	461	0
443	462	14
443	463	56
443	464	0
443	471	60
443	472	9
443	473	36
443	474	6
443	475	159
443	476	109
443	477	93
443	478	1
443	479	30
443	480	127
443	481	139
443	482	213
443	483	125
443	484	5
443	485	467
443	486	1
443	487	3
443	488	9
443	489	16
443	490	16
443	491	7
443	492	21
443	495	34
443	497	37
443	498	230
443	499	10
443	500	12
443	501	6
443	502	38
443	503	50
443	504	5
443	604	10
443	609	9
443	618	2
443	648	95
443	649	35
443	650	472
444	445	84
444	446	17
444	453	46
444	454	207
444	457	50
444	460	11
444	461	24
444	462	42
444	463	209
444	471	96
444	472	3
444	473	5
444	474	3
444	475	6
444	476	4
444	477	4
444	479	16
444	480	9
444	481	15
444	482	5
444	483	13
444	484	1
444	485	5
444	486	1
444	487	2
444	488	19
444	489	9
444	490	10
444	491	11
444	492	22
444	495	11
444	497	2
444	498	2
444	499	0
444	500	4
444	501	5
444	502	54
444	503	15
444	504	3
444	604	6
444	609	1
444	618	2
444	648	269
444	649	50
444	650	109
445	446	327
445	453	5
445	454	742
445	457	2
445	460	3
445	461	0
445	462	3
445	463	81
445	471	3
445	472	0
445	473	2
445	474	0
445	475	5
445	476	11
445	477	2
445	479	1
445	480	2
445	481	2
445	482	2
445	483	86
445	484	1
445	485	10
445	486	1
445	487	1
445	488	1
445	489	9
445	490	4
445	491	7
445	492	37
445	495	1
445	497	16
445	498	13
445	500	2
445	501	1
445	502	56
445	503	79
445	504	2
445	604	15
445	609	1
445	618	0
445	648	12
445	649	17
445	650	15
446	453	14
446	454	72
446	457	3
446	460	11
446	461	0
446	462	5
446	463	46
446	471	12
446	472	2
446	473	11
446	474	13
446	475	25
446	476	26
446	477	12
446	478	1
446	479	11
446	480	13
446	481	11
446	482	14
446	483	11
446	484	3
446	485	32
446	486	2
446	487	18
446	488	5
446	489	17
446	490	9
446	491	21
446	492	15
446	495	2
446	497	4
446	498	4
446	499	1
446	500	15
446	501	7
446	502	47
446	503	88
446	504	4
446	604	6
446	609	3
446	618	1
446	648	26
446	649	11
446	650	110
453	454	102
453	457	38
453	460	3
453	461	2
453	462	25
453	463	17
453	464	0
453	471	8
453	472	1
453	473	1
453	474	2
453	475	4
453	476	4
453	477	7
453	478	1
453	479	5
453	480	4
453	481	6
453	482	15
453	483	2
453	484	1
453	485	27
453	486	1
453	487	12
453	488	3
453	489	4
453	490	4
453	491	4
453	492	9
453	495	1
453	497	11
453	498	11
453	499	2
453	500	3
453	501	1
453	502	14
453	503	18
453	504	8
453	604	15
453	609	3
453	618	1
453	648	27
453	649	9
453	650	36
454	457	40
454	460	63
454	461	9
454	462	110
454	463	173
454	464	0
454	471	11
454	472	8
454	473	29
454	474	2
454	475	64
454	476	46
454	477	6
454	478	0
454	479	4
454	480	102
454	481	12
454	482	8
454	483	203
454	484	73
454	485	12
454	486	7
454	487	77
454	488	58
454	489	26
454	490	75
454	491	5
454	492	63
454	495	3
454	497	24
454	498	21
454	499	1
454	500	5
454	501	3
454	502	48
454	503	62
454	504	7
454	604	20
454	609	5
454	618	1
454	648	24
454	649	22
454	650	39
457	460	5
457	461	3
457	462	10
457	463	9
457	464	0
457	471	4
457	472	1
457	473	2
457	474	0
457	475	2
457	476	3
457	477	1
457	478	0
457	479	2
457	480	3
457	481	1
457	482	3
457	483	2
457	484	1
457	485	2
457	486	1
457	487	2
457	488	4
457	489	4
457	490	4
457	491	1
457	492	26
457	495	1
457	497	1
457	498	2
457	500	3
457	501	1
457	502	11
457	503	10
457	504	16
457	604	5
457	609	1
457	618	0
457	648	8
457	649	5
457	650	26
460	462	5
460	463	9
460	471	48
460	472	50
460	473	5
460	474	0
460	475	1
460	476	2
460	477	1
460	478	0
460	479	1
460	480	2
460	481	2
460	482	2
460	483	6
460	484	1
460	485	0
460	486	1
460	487	2
460	488	11
460	489	7
460	490	13
460	491	1
460	492	10
460	495	1
460	497	1
460	498	1
460	500	59
460	501	1
460	502	4
460	503	6
460	504	4
460	604	3
460	609	0
460	648	3
460	649	4
460	650	4
461	462	50
461	463	6
461	471	2
461	472	3
461	475	0
461	476	0
461	477	0
461	479	1
461	480	0
461	481	0
461	483	0
461	485	0
461	486	3
461	487	0
461	488	1
461	489	0
461	491	0
461	492	2
461	495	6
461	497	1
461	498	1
461	501	1
461	502	1
461	503	0
461	604	0
461	618	0
461	648	8
461	649	2
461	650	2
462	463	152
462	464	1
462	471	18
462	472	5
462	473	4
462	474	2
462	475	13
462	476	12
462	477	12
462	478	0
462	479	17
462	480	21
462	481	9
462	482	8
462	483	13
462	484	7
462	485	5
462	486	1
462	487	9
462	488	15
462	489	11
462	490	20
462	491	10
462	492	79
462	495	178
462	497	3
462	498	4
462	499	1
462	500	13
462	501	23
462	502	63
462	503	47
462	504	4
462	604	90
462	609	3
462	618	2
462	648	167
462	649	47
462	650	55
463	471	31
463	472	7
463	473	7
463	474	2
463	475	12
463	476	13
463	477	9
463	478	0
463	479	14
463	480	24
463	481	13
463	482	5
463	483	17
463	484	5
463	485	4
463	486	1
463	487	6
463	488	32
463	489	19
463	490	28
463	491	7
463	492	33
463	495	47
463	497	33
463	498	170
463	499	6
463	500	7
463	501	7
463	502	42
463	503	37
463	504	6
463	604	63
463	609	2
463	618	1
463	648	115
463	649	77
463	650	38
464	475	8
464	476	20
464	477	1
464	480	1
464	481	10
464	482	17
464	483	5
464	484	1
464	485	0
464	486	4
464	487	16
464	488	0
464	489	1
464	490	4
464	491	13
464	497	2
464	498	2
464	499	17
464	502	3
464	503	2
464	604	1
464	618	75
464	648	17
464	649	3
464	650	1
471	472	360
471	473	385
471	474	87
471	475	456
471	476	94
471	477	235
471	478	28
471	479	267
471	480	125
471	481	263
471	482	201
471	483	117
471	484	22
471	485	91
471	486	8
471	487	29
471	488	83
471	489	37
471	490	166
471	491	128
471	492	30
471	495	37
471	497	49
471	498	51
471	499	10
471	500	70
471	501	37
471	502	133
471	503	143
471	504	430
471	604	14
471	609	1
471	618	17
471	648	156
471	649	67
471	650	55
472	473	298
472	474	3
472	475	22
472	476	35
472	477	15
472	478	2
472	479	37
472	480	13
472	481	52
472	482	45
472	483	58
472	484	3
472	485	3
472	486	4
472	487	4
472	488	56
472	489	8
472	490	133
472	491	10
472	492	9
472	495	6
472	497	3
472	498	3
472	499	1
472	500	124
472	501	14
472	502	49
472	503	49
472	504	16
472	604	3
472	609	0
472	618	1
472	648	28
472	649	8
472	650	6
473	474	9
473	475	77
473	476	30
473	477	29
473	478	9
473	479	51
473	480	22
473	481	99
473	482	31
473	483	25
473	484	2
473	485	12
473	486	2
473	487	9
473	488	16
473	489	5
473	490	33
473	491	44
473	492	13
473	495	8
473	497	19
473	498	29
473	499	3
473	500	66
473	501	30
473	502	42
473	503	38
473	504	11
473	604	10
473	609	0
473	618	9
473	648	59
473	649	17
473	650	16
474	475	261
474	476	60
474	477	331
474	478	462
474	479	188
474	480	215
474	481	283
474	482	170
474	483	91
474	484	70
474	485	15
474	486	424
474	487	32
474	488	27
474	489	8
474	490	82
474	491	315
474	492	2
474	495	12
474	497	37
474	498	24
474	499	11
474	500	1
474	501	4
474	502	11
474	503	9
474	504	13
474	604	5
474	609	3
474	618	2
474	648	38
474	649	15
474	650	11
475	476	1088
475	477	698
475	478	40
475	479	384
475	480	729
475	481	1184
475	482	964
475	483	845
475	484	250
475	485	778
475	486	40
475	487	219
475	488	68
475	489	6
475	490	296
475	491	62
475	492	7
475	495	37
475	497	122
475	498	78
475	499	26
475	500	4
475	501	30
475	502	52
475	503	45
475	504	9
475	604	28
475	609	13
475	618	8
475	648	186
475	649	94
475	650	141
476	477	235
476	478	12
476	479	137
476	480	394
476	481	815
476	482	731
476	483	538
476	484	219
476	485	785
476	486	49
476	487	246
476	488	57
476	489	9
476	490	377
476	491	10
476	492	5
476	495	16
476	497	81
476	498	72
476	499	26
476	500	3
476	501	10
476	502	27
476	503	26
476	504	8
476	604	23
476	609	7
476	618	11
476	648	96
476	649	48
476	650	85
477	478	286
477	479	625
477	480	519
477	481	809
477	482	667
477	483	370
477	484	16
477	485	289
477	486	73
477	487	21
477	488	16
477	489	11
477	490	51
477	491	43
477	492	6
477	495	20
477	497	241
477	498	169
477	499	96
477	500	7
477	501	50
477	502	52
477	503	24
477	504	17
477	604	14
477	609	9
477	618	2
477	648	200
477	649	133
477	650	105
478	479	114
478	480	76
478	481	171
478	482	99
478	483	36
478	484	25
478	485	1
478	486	191
478	487	29
478	488	6
478	489	1
478	490	21
478	491	0
478	492	0
478	495	1
478	497	40
478	498	62
478	499	7
478	500	1
478	501	13
478	502	4
478	503	4
478	504	3
478	604	0
478	648	11
478	649	9
478	650	1
479	480	837
479	481	597
479	482	247
479	483	100
479	484	3
479	485	46
479	486	104
479	487	32
479	488	22
479	489	24
479	490	51
479	491	4
479	492	8
479	495	46
479	497	94
479	498	75
479	499	35
479	500	15
479	501	43
479	502	32
479	503	25
479	504	147
479	604	9
479	609	8
479	618	1
479	648	91
479	649	95
479	650	42
480	481	484
480	482	337
480	483	811
480	484	281
480	485	371
480	486	51
480	487	285
480	488	71
480	489	5
480	490	223
480	491	3
480	492	6
480	495	40
480	497	53
480	498	30
480	499	12
480	500	2
480	501	11
480	502	19
480	503	15
480	504	10
480	604	13
480	609	19
480	618	1
480	648	124
480	649	80
480	650	108
481	482	971
481	483	465
481	484	22
481	485	470
481	486	209
481	487	56
481	488	44
481	489	30
481	490	256
481	491	7
481	492	8
481	495	83
481	497	123
481	498	109
481	499	50
481	500	10
481	501	17
481	502	56
481	503	36
481	504	12
481	604	18
481	609	4
481	618	12
481	648	203
481	649	104
481	650	97
482	483	398
482	484	31
482	485	598
482	486	110
482	487	46
482	488	31
482	489	10
482	490	226
482	491	9
482	492	9
482	495	30
482	497	89
482	498	127
482	499	30
482	500	7
482	501	12
482	502	34
482	503	45
482	504	12
482	604	12
482	609	21
482	618	15
482	648	118
482	649	44
482	650	122
483	484	556
483	485	362
483	486	82
483	487	504
483	488	236
483	489	79
483	490	603
483	491	2
483	492	27
483	495	12
483	497	34
483	498	29
483	499	9
483	500	3
483	501	4
483	502	27
483	503	25
483	504	12
483	604	9
483	609	4
483	618	3
483	648	88
483	649	29
483	650	96
484	485	23
484	486	57
484	487	279
484	488	71
484	489	2
484	490	231
484	491	22
484	492	1
484	495	0
484	497	4
484	498	5
484	499	1
484	500	0
484	501	1
484	502	3
484	503	2
484	504	2
484	604	5
484	609	36
484	618	1
484	648	9
484	649	6
484	650	23
485	486	4
485	487	9
485	488	6
485	489	3
485	490	24
485	491	2
485	492	5
485	495	22
485	497	10
485	498	15
485	499	3
485	500	2
485	501	4
485	502	20
485	503	26
485	504	2
485	604	7
485	609	3
485	618	2
485	648	90
485	649	21
485	650	206
486	487	311
486	488	95
486	489	16
486	490	113
486	491	7
486	492	4
486	495	0
486	497	6
486	498	8
486	499	5
486	500	3
486	501	1
486	502	23
486	503	14
486	504	3
486	604	1
486	609	0
486	618	6
486	648	7
486	649	2
486	650	5
487	488	96
487	489	51
487	490	247
487	491	7
487	492	13
487	495	1
487	497	52
487	498	38
487	499	5
487	500	13
487	501	2
487	502	14
487	503	13
487	504	7
487	604	2
487	609	4
487	618	2
487	648	9
487	649	9
487	650	8
488	489	535
488	490	589
488	491	243
488	492	247
488	495	4
488	497	7
488	498	10
488	499	1
488	500	44
488	501	11
488	502	211
488	503	118
488	504	16
488	604	9
488	609	1
488	618	35
488	648	126
488	649	19
488	650	53
489	490	120
489	491	49
489	492	471
489	495	7
489	497	5
489	498	6
489	499	2
489	500	87
489	501	40
489	502	138
489	503	102
489	504	15
489	604	13
489	609	310
489	618	37
489	648	56
489	649	39
489	650	53
490	491	41
490	492	94
490	495	6
490	497	18
490	498	21
490	499	5
490	500	30
490	501	10
490	502	170
490	503	136
490	504	18
490	604	11
490	609	6
490	618	9
490	648	46
490	649	14
490	650	34
491	492	73
491	495	3
491	497	4
491	498	5
491	499	12
491	500	34
491	501	27
491	502	153
491	503	90
491	504	22
491	604	16
491	609	2
491	618	1032
491	648	606
491	649	60
491	650	32
492	495	58
492	497	5
492	498	5
492	499	0
492	500	178
492	501	26
492	502	359
492	503	293
492	504	21
492	604	22
492	609	1
492	618	8
492	648	73
492	649	24
492	650	46
495	497	4
495	498	4
495	499	1
495	500	20
495	501	98
495	502	76
495	503	65
495	504	7
495	604	12
495	609	0
495	618	0
495	648	61
495	649	85
495	650	18
497	498	1181
497	499	517
497	500	4
497	501	35
497	502	26
497	503	23
497	504	6
497	604	5
497	609	3
497	618	6
497	648	34
497	649	140
497	650	10
498	499	368
498	500	5
498	501	18
498	502	28
498	503	27
498	504	38
498	604	6
498	609	2
498	618	5
498	648	27
498	649	113
498	650	13
499	501	5
499	502	3
499	503	4
499	604	2
499	609	1
499	618	34
499	648	20
499	649	49
499	650	3
500	501	254
500	502	279
500	503	323
500	504	50
500	604	8
500	609	0
500	618	11
500	648	31
500	649	11
500	650	10
501	502	439
501	503	499
501	504	25
501	604	19
501	609	2
501	618	13
501	648	117
501	649	180
501	650	60
502	503	1554
502	504	73
502	604	95
502	609	3
502	618	32
502	648	221
502	649	132
502	650	94
503	504	70
503	604	106
503	609	4
503	618	28
503	648	151
503	649	110
503	650	87
504	604	2
504	609	1
504	618	5
504	648	14
504	649	11
504	650	6
604	609	12
604	618	31
604	648	1147
604	649	471
604	650	299
609	618	3
609	648	10
609	649	18
609	650	59
618	648	636
618	649	67
618	650	17
648	649	719
648	650	289
649	650	119