1	136	29
1	189	20
1	190	4
1	191	58
1	192	3
1	193	21
1	195	1
1	196	23
1	197	18
1	198	1
1	199	4
1	2	974
1	200	13
1	201	6
1	202	8
1	203	4
1	204	19
1	206	28
1	207	23
1	208	1
1	209	2
1	210	1
1	213	1
1	214	1
1	215	2
1	216	8
1	217	10
1	218	1
1	219	53
1	220	2
1	221	2
1	222	5
1	223	1
1	224	1
1	225	4
1	226	2
1	227	1
1	228	5
1	229	5
1	230	1
1	231	5
1	232	4
1	233	5
1	234	5
1	238	5
1	239	9
1	241	1
1	242	15
1	243	4
1	244	23
1	3	276
1	384	5
1	385	48
1	386	1
1	387	1
1	388	99
1	389	3
1	391	22
1	392	173
1	393	5
1	394	1
1	395	1
1	396	2
1	397	1
1	398	1
1	399	3
1	4	41
1	400	1
1	401	7
1	402	3
1	403	1
1	404	1
1	405	1
1	406	2
1	408	2
1	410	5
1	434	1
1	441	1
1	447	9
1	448	8
1	449	12
1	450	5
1	452	9
1	455	4
1	456	3
1	459	1
1	47	4
1	48	1
1	50	4
1	505	1
1	506	1
1	507	1
1	508	1
1	509	4
1	510	8
1	512	1
1	514	1
1	519	10
1	53	1
1	54	1
1	549	153
1	58	1
1	61	28
1	614	1
1	617	2
1	66	3
1	67	2
1	75	5
1	77	4
1	78	3
1	82	2
1	83	1
1	84	1
115	136	2
115	143	1
115	149	1
115	189	6
115	190	1
115	192	1
115	193	2
115	195	1
115	196	1
115	199	1
115	2	1
115	200	1
115	202	1
115	203	1
115	204	1
115	208	1
115	209	1
115	210	42
115	211	142
115	212	263
115	213	5
115	214	1
115	215	1
115	219	2
115	222	1
115	225	1
115	227	1
115	228	1
115	231	4
115	232	2
115	233	2
115	234	1
115	239	5
115	242	1
115	244	1
115	271	3
115	272	1
115	273	1
115	384	1
115	385	4
115	386	1
115	387	1
115	389	1
115	391	1
115	392	1
115	396	1
115	397	4
115	398	6
115	399	2
115	400	2
115	401	2
115	402	1
115	403	1
115	404	2
115	405	44
115	406	41
115	408	4
115	409	1
115	432	1
115	434	2
115	441	19
115	447	3
115	448	6
115	449	17
115	450	7
115	452	1
115	455	15
115	456	38
115	47	1
115	48	1
115	505	1
115	510	2
115	511	1
115	512	3
115	513	1
115	514	1
115	519	4
115	53	1
115	54	1
115	549	2
115	61	1
115	614	4
115	617	2
115	67	1
115	75	1
115	77	12
115	82	2
115	83	1
115	84	3
136	143	2
136	149	1
136	189	205
136	190	7
136	191	4
136	192	5
136	193	18
136	195	7
136	196	18
136	197	338
136	198	6
136	199	5
136	2	6
136	200	5
136	201	6
136	202	8
136	203	7
136	204	13
136	205	1
136	206	17
136	207	13
136	208	7
136	209	5
136	210	1
136	212	2
136	213	2
136	214	6
136	215	2
136	216	3
136	217	9
136	219	133
136	220	2
136	221	4
136	222	12
136	224	2
136	225	11
136	226	12
136	227	13
136	228	5
136	229	2
136	230	5
136	231	14
136	232	7
136	233	30
136	234	23
136	238	7
136	239	77
136	241	6
136	242	83
136	243	17
136	244	59
136	251	3
136	3	70
136	384	3
136	385	4
136	386	3
136	387	1
136	388	23
136	389	2
136	390	1
136	391	1
136	392	33
136	393	1
136	394	3
136	396	3
136	397	3
136	398	2
136	399	2
136	4	1
136	400	1
136	401	9
136	402	8
136	403	4
136	404	2
136	405	3
136	406	6
136	407	1
136	408	5
136	409	3
136	410	1
136	432	1
136	434	1
136	441	2
136	447	8
136	448	21
136	449	15
136	450	15
136	452	18
136	455	11
136	456	36
136	47	5
136	48	2
136	50	3
136	505	10
136	506	4
136	507	1
136	508	3
136	509	8
136	510	31
136	511	2
136	512	9
136	513	16
136	514	19
136	519	16
136	53	8
136	54	4
136	549	973
136	55	1
136	58	1
136	61	857
136	614	28
136	617	13
136	641	3
136	66	34
136	67	38
136	75	3
136	77	27
136	78	7
136	79	5
136	81	8
136	82	53
136	83	24
136	84	3
143	149	1856
143	192	1
143	195	1
143	198	3
143	200	3
143	210	7
143	219	5
143	225	2
143	231	1
143	233	5
143	234	1
143	239	4
143	241	1
143	242	1
143	244	1
143	251	2
143	384	11
143	385	33
143	386	25
143	387	3
143	388	1
143	389	7
143	391	5
143	396	1
143	397	945
143	398	527
143	399	27
143	400	1463
143	401	30
143	402	18
143	403	3
143	404	1
143	405	7
143	406	1
143	408	5
143	409	12
143	410	1
143	447	1009
143	448	1
143	450	1
143	455	1
143	456	1
143	459	5
143	510	1
143	53	13
143	54	1
143	55	1
143	61	1
143	614	1
143	66	1
143	77	2
143	78	3
143	79	9
143	82	3
149	195	1
149	198	3
149	200	4
149	210	7
149	217	1
149	219	6
149	225	2
149	231	1
149	233	3
149	234	1
149	238	1
149	239	6
149	241	1
149	242	1
149	251	1
149	384	5
149	385	35
149	386	27
149	387	3
149	388	1
149	389	7
149	391	5
149	394	1
149	396	1
149	397	956
149	398	530
149	399	26
149	400	1446
149	401	28
149	402	19
149	403	1
149	404	1
149	405	6
149	406	1
149	408	5
149	409	23
149	410	1
149	447	1020
149	448	2
149	450	2
149	455	1
149	456	1
149	459	6
149	510	1
149	53	12
149	54	1
149	55	1
149	61	1
149	66	1
149	77	7
149	78	4
149	79	13
149	81	1
149	82	4
189	190	103
189	191	15
189	192	17
189	193	107
189	195	5
189	196	65
189	197	133
189	198	1
189	199	9
189	2	12
189	200	20
189	201	4
189	202	7
189	203	12
189	204	33
189	205	3
189	206	22
189	207	211
189	208	12
189	209	9
189	210	3
189	211	9
189	212	2
189	213	5
189	214	4
189	215	12
189	216	3
189	217	169
189	218	3
189	219	99
189	220	31
189	221	41
189	222	110
189	223	22
189	224	205
189	225	7
189	226	4
189	227	4
189	228	5
189	229	1
189	230	2
189	231	9
189	232	5
189	233	17
189	234	3
189	238	31
189	239	15
189	241	5
189	242	16
189	243	5
189	244	68
189	248	1
189	249	1
189	251	6
189	3	45
189	384	6
189	385	12
189	386	3
189	387	2
189	388	24
189	389	1
189	390	2
189	391	7
189	392	17
189	393	1
189	394	1
189	395	1
189	396	1
189	397	3
189	398	3
189	399	1
189	4	2
189	400	1
189	401	8
189	402	9
189	403	6
189	404	4
189	405	10
189	406	8
189	407	2
189	408	11
189	409	7
189	410	8
189	432	3
189	434	7
189	441	7
189	447	44
189	448	205
189	449	131
189	450	23
189	452	171
189	455	8
189	456	17
189	47	6
189	48	28
189	50	3
189	505	2
189	506	1
189	507	1
189	508	1
189	509	2
189	510	6
189	511	1
189	512	2
189	513	3
189	514	2
189	519	17
189	53	21
189	54	36
189	549	263
189	55	13
189	58	2
189	61	287
189	614	21
189	617	4
189	641	1
189	66	118
189	67	15
189	75	2
189	77	6
189	78	35
189	79	3
189	81	4
189	82	15
189	83	1
189	84	1
190	191	241
190	192	2
190	193	41
190	195	120
190	196	393
190	197	30
190	198	1
190	199	236
190	2	2
190	200	3
190	201	797
190	202	805
190	203	440
190	204	121
190	206	175
190	207	16
190	208	3
190	209	2
190	210	1
190	211	1
190	213	1
190	214	1
190	215	17
190	216	25
190	217	5
190	219	47
190	220	3
190	221	10
190	222	5
190	223	1
190	224	2
190	225	12
190	226	3
190	227	1
190	228	4
190	229	3
190	230	1
190	231	11
190	232	12
190	233	8
190	234	2
190	238	4
190	239	4
190	241	3
190	242	3
190	243	1
190	244	6
190	248	1
190	271	1
190	273	1
190	3	2
190	384	2
190	385	3
190	386	2
190	387	3
190	388	3
190	389	1
190	391	1
190	392	5
190	393	1
190	396	1
190	397	2
190	398	3
190	399	4
190	400	1
190	401	1
190	402	2
190	403	15
190	404	2
190	405	1
190	406	15
190	407	1
190	408	13
190	409	22
190	410	1
190	432	3
190	434	2
190	441	3
190	447	4
190	448	15
190	449	8
190	450	28
190	452	9
190	455	7
190	456	10
190	459	1
190	48	1
190	50	1
190	505	1
190	506	2
190	507	1
190	509	1
190	510	7
190	511	1
190	512	4
190	513	1
190	514	2
190	519	16
190	53	1
190	54	4
190	549	41
190	61	4
190	614	16
190	617	2
190	66	2
190	67	2
190	75	8
190	77	5
190	78	8
190	79	1
190	81	2
190	82	6
190	83	4
191	192	14
191	193	28
191	195	66
191	196	205
191	197	11
191	198	2
191	199	124
191	2	6
191	200	95
191	201	442
191	202	456
191	203	261
191	204	86
191	205	1
191	206	102
191	207	12
191	208	4
191	209	3
191	210	27
191	211	6
191	212	22
191	213	4
191	214	5
191	215	4
191	216	13
191	217	56
191	218	9
191	219	199
191	220	25
191	221	12
191	222	26
191	223	1
191	224	2
191	225	13
191	226	8
191	227	1
191	228	2
191	229	2
191	231	5
191	232	7
191	233	17
191	234	1
191	238	6
191	239	15
191	241	1
191	242	22
191	243	27
191	244	40
191	248	1
191	249	2
191	3	26
191	384	1
191	385	5
191	386	3
191	387	28
191	388	19
191	389	2
191	390	1
191	391	2
191	392	27
191	393	2
191	397	2
191	398	2
191	399	1
191	4	3
191	400	1
191	401	4
191	402	5
191	403	36
191	404	9
191	405	2
191	406	5
191	407	3
191	408	5
191	409	11
191	410	8
191	447	14
191	448	9
191	449	4
191	450	13
191	452	2
191	455	5
191	456	11
191	459	1
191	47	3
191	48	4
191	50	2
191	505	2
191	506	1
191	507	1
191	509	1
191	510	4
191	511	1
191	512	1
191	519	4
191	53	4
191	54	2
191	549	26
191	55	1
191	58	1
191	61	2
191	614	1
191	617	1
191	66	9
191	67	2
191	75	3
191	77	2
191	78	2
191	81	1
191	82	4
191	83	1
191	84	1
192	193	54
192	195	1
192	196	19
192	197	15
192	198	5
192	199	2
192	2	1
192	200	26
192	202	1
192	203	4
192	204	8
192	205	56
192	206	4
192	207	25
192	208	61
192	209	40
192	210	139
192	211	56
192	212	66
192	213	28
192	214	192
192	215	44
192	216	11
192	217	8
192	219	68
192	220	2
192	221	8
192	222	29
192	223	1
192	224	11
192	225	85
192	226	51
192	227	66
192	228	97
192	229	13
192	230	12
192	231	104
192	232	29
192	233	7
192	234	5
192	238	1
192	239	6
192	242	22
192	243	3
192	244	13
192	3	6
192	384	56
192	385	2
192	386	13
192	388	4
192	389	7
192	390	4
192	391	1
192	392	25
192	397	1
192	398	1
192	401	1
192	402	4
192	403	1
192	410	1
192	432	3
192	434	4
192	441	5
192	447	1
192	448	1
192	449	4
192	450	5
192	452	3
192	455	1
192	456	2
192	505	1
192	508	5
192	509	1
192	510	14
192	512	8
192	513	2
192	514	2
192	54	1
192	549	6
192	61	1
192	614	1
192	641	2
192	66	5
192	75	3
192	77	1
192	78	2
192	81	8
192	82	19
192	84	1
193	195	10
193	196	225
193	197	113
193	198	2
193	199	70
193	2	7
193	200	58
193	201	56
193	202	107
193	203	23
193	204	623
193	205	2
193	206	464
193	207	188
193	208	14
193	209	11
193	210	15
193	211	36
193	212	12
193	213	12
193	214	5
193	215	8
193	216	8
193	217	41
193	218	2
193	219	473
193	220	24
193	221	68
193	222	319
193	223	16
193	224	37
193	225	8
193	226	5
193	227	2
193	228	8
193	229	4
193	230	6
193	231	20
193	232	10
193	233	8
193	234	10
193	238	11
193	239	20
193	241	13
193	242	20
193	243	3
193	244	62
193	251	1
193	273	1
193	3	26
193	384	5
193	385	10
193	386	6
193	387	2
193	388	6
193	389	3
193	390	1
193	391	4
193	392	41
193	393	1
193	394	1
193	395	1
193	396	1
193	397	3
193	398	3
193	399	1
193	4	2
193	400	1
193	401	3
193	402	7
193	403	3
193	404	2
193	405	3
193	406	11
193	408	10
193	409	1
193	410	2
193	432	6
193	434	3
193	441	6
193	447	18
193	448	67
193	449	40
193	450	594
193	452	26
193	455	8
193	456	10
193	459	1
193	47	1
193	48	1
193	50	1
193	505	2
193	506	1
193	507	1
193	508	1
193	509	2
193	510	7
193	512	2
193	513	1
193	514	2
193	519	74
193	53	3
193	54	8
193	549	32
193	55	1
193	61	7
193	614	26
193	617	18
193	66	160
193	67	7
193	75	11
193	77	4
193	78	35
193	79	1
193	81	2
193	82	10
193	83	1
193	84	1
195	196	107
195	197	7
195	199	151
195	2	3
195	200	208
195	201	225
195	202	293
195	203	115
195	204	25
195	205	1
195	206	43
195	207	8
195	208	2
195	209	2
195	210	39
195	211	1
195	212	1
195	215	1
195	216	6
195	217	8
195	219	187
195	220	3
195	221	28
195	222	8
195	223	1
195	224	1
195	225	34
195	226	11
195	227	2
195	228	2
195	229	3
195	230	1
195	231	15
195	232	12
195	233	10
195	234	3
195	238	10
195	239	6
195	241	5
195	242	9
195	243	3
195	244	12
195	248	1
195	249	1
195	251	1
195	273	1
195	3	3
195	384	1
195	385	3
195	386	4
195	387	5
195	388	1
195	389	3
195	391	3
195	392	10
195	393	1
195	394	2
195	395	1
195	396	2
195	397	15
195	398	16
195	399	10
195	4	1
195	400	10
195	401	9
195	402	55
195	403	78
195	404	73
195	405	148
195	406	295
195	407	5
195	408	296
195	409	179
195	410	4
195	434	1
195	441	1
195	447	42
195	448	7
195	449	7
195	450	15
195	452	4
195	455	5
195	456	10
195	459	6
195	47	11
195	48	6
195	50	4
195	505	1
195	506	1
195	507	1
195	508	1
195	509	1
195	510	17
195	511	2
195	512	1
195	513	1
195	514	3
195	519	43
195	53	11
195	54	9
195	549	10
195	55	4
195	58	22
195	61	2
195	614	3
195	617	5
195	641	1
195	66	6
195	67	1
195	75	4
195	77	7
195	78	2
195	79	1
195	81	1
195	82	6
195	83	1
195	84	1
196	197	831
196	198	17
196	199	260
196	2	5
196	200	18
196	201	754
196	202	755
196	203	402
196	204	435
196	205	2
196	206	1165
196	207	1131
196	208	8
196	209	102
196	210	6
196	211	2
196	212	1
196	213	4
196	214	2
196	215	6
196	216	37
196	217	44
196	218	1
196	219	340
196	220	10
196	221	73
196	222	161
196	223	8
196	224	149
196	225	24
196	226	6
196	227	7
196	228	25
196	229	39
196	230	6
196	231	20
196	232	30
196	233	15
196	234	12
196	238	38
196	239	5
196	241	7
196	242	17
196	243	9
196	244	59
196	273	1
196	3	107
196	384	3
196	385	7
196	386	1
196	387	3
196	388	10
196	389	2
196	391	4
196	392	75
196	393	3
196	394	3
196	395	1
196	396	3
196	397	2
196	398	2
196	399	1
196	4	3
196	400	1
196	401	2
196	402	5
196	403	25
196	404	11
196	405	6
196	406	21
196	407	1
196	408	19
196	409	19
196	410	2
196	432	15
196	434	53
196	441	49
196	447	10
196	448	44
196	449	294
196	450	61
196	452	547
196	455	19
196	456	29
196	459	1
196	47	1
196	48	4
196	50	4
196	505	5
196	506	1
196	507	1
196	508	3
196	509	4
196	510	11
196	511	2
196	512	2
196	513	1
196	514	2
196	519	17
196	53	6
196	54	6
196	549	92
196	55	1
196	58	1
196	61	9
196	614	139
196	617	105
196	66	47
196	67	6
196	75	52
196	77	6
196	78	39
196	79	1
196	81	4
196	82	12
196	83	6
196	84	1
197	198	198
197	199	41
197	2	3
197	200	12
197	201	24
197	202	56
197	203	108
197	204	255
197	205	5
197	206	778
197	207	683
197	208	84
197	209	376
197	210	8
197	211	6
197	212	3
197	213	15
197	214	9
197	215	19
197	216	82
197	217	40
197	219	187
197	220	14
197	221	49
197	222	177
197	223	5
197	224	113
197	225	14
197	226	5
197	227	17
197	228	22
197	229	45
197	230	4
197	231	11
197	232	12
197	233	18
197	234	11
197	238	105
197	239	17
197	241	11
197	242	14
197	243	7
197	244	66
197	3	91
197	384	34
197	385	7
197	386	2
197	387	2
197	388	11
197	389	2
197	390	1
197	391	2
197	392	35
197	393	3
197	394	3
197	396	1
197	397	1
197	398	1
197	399	1
197	4	1
197	401	3
197	402	7
197	403	18
197	404	3
197	405	2
197	406	9
197	408	7
197	409	3
197	410	2
197	432	17
197	434	57
197	441	57
197	447	2
197	448	21
197	449	71
197	450	24
197	452	208
197	455	4
197	456	4
197	47	1
197	48	2
197	50	1
197	505	13
197	506	1
197	507	1
197	508	2
197	509	5
197	510	13
197	511	1
197	512	3
197	513	8
197	514	7
197	519	9
197	53	5
197	54	4
197	549	486
197	55	1
197	61	475
197	614	155
197	617	265
197	641	1
197	66	55
197	67	8
197	75	121
197	77	4
197	78	60
197	79	3
197	81	15
197	82	16
197	83	5
197	84	3
198	199	1
198	200	5
198	201	1
198	202	2
198	203	4
198	204	7
198	205	11
198	206	12
198	207	14
198	208	146
198	209	59
198	210	6
198	211	6
198	212	3
198	213	4
198	214	16
198	215	13
198	216	39
198	217	2
198	219	6
198	220	1
198	221	1
198	222	1
198	224	1
198	225	2
198	226	1
198	227	2
198	228	1
198	229	2
198	231	3
198	232	3
198	233	3
198	234	1
198	238	2
198	239	23
198	241	6
198	242	10
198	243	10
198	244	6
198	384	122
198	385	3
198	386	4
198	387	1
198	388	7
198	391	2
198	392	2
198	397	4
198	398	3
198	399	1
198	400	3
198	401	2
198	402	3
198	403	9
198	404	1
198	405	1
198	406	2
198	407	2
198	408	2
198	409	1
198	410	1
198	432	2
198	434	5
198	441	5
198	447	7
198	448	7
198	449	3
198	450	3
198	452	1
198	455	4
198	456	3
198	48	1
198	50	1
198	506	3
198	509	1
198	510	1
198	511	1
198	512	1
198	519	10
198	53	13
198	54	1
198	549	8
198	61	2
198	614	29
198	617	13
198	641	2
198	66	9
198	67	1
198	75	5
198	78	1
198	81	9
198	82	4
198	83	1
199	2	3
199	200	32
199	201	506
199	202	686
199	203	308
199	204	116
199	206	174
199	207	25
199	208	2
199	209	3
199	210	30
199	211	2
199	212	1
199	213	1
199	214	1
199	215	2
199	216	14
199	217	95
199	218	1
199	219	123
199	220	4
199	221	69
199	222	35
199	223	2
199	224	5
199	225	27
199	226	7
199	227	2
199	228	4
199	229	6
199	230	1
199	231	12
199	232	178
199	233	5
199	234	3
199	238	7
199	239	3
199	241	3
199	242	5
199	243	2
199	244	35
199	248	1
199	249	4
199	251	107
199	271	2
199	272	1
199	273	5
199	3	9
199	384	2
199	385	6
199	386	1
199	387	5
199	388	1
199	389	1
199	391	2
199	392	20
199	393	1
199	394	2
199	395	1
199	397	4
199	398	4
199	399	2
199	400	4
199	401	20
199	402	7
199	403	32
199	404	19
199	405	15
199	406	117
199	407	2
199	408	100
199	409	13
199	410	7
199	434	1
199	441	1
199	447	33
199	448	19
199	449	11
199	450	64
199	452	17
199	455	4
199	456	41
199	459	1
199	47	6
199	48	20
199	50	27
199	505	2
199	506	1
199	507	2
199	509	2
199	510	15
199	511	1
199	512	2
199	513	2
199	514	3
199	519	321
199	53	32
199	54	474
199	549	50
199	55	129
199	58	2
199	61	5
199	614	8
199	617	5
199	641	2
199	66	79
199	67	22
199	75	7
199	77	7
199	78	9
199	79	1
199	81	8
199	82	7
199	83	4
199	84	1
2	200	18
2	201	4
2	202	5
2	203	3
2	204	8
2	206	6
2	207	5
2	208	2
2	209	1
2	210	1
2	215	1
2	216	5
2	217	2
2	219	8
2	221	1
2	222	2
2	225	2
2	226	1
2	227	1
2	228	1
2	229	2
2	230	3
2	231	2
2	232	3
2	233	3
2	234	1
2	238	4
2	239	30
2	242	4
2	243	1
2	244	4
2	3	73
2	384	3
2	385	67
2	387	1
2	388	46
2	389	12
2	391	14
2	392	30
2	393	8
2	394	6
2	395	2
2	396	6
2	397	1
2	398	1
2	399	3
2	4	22
2	400	1
2	401	2
2	402	4
2	404	1
2	405	1
2	406	1
2	408	1
2	410	5
2	432	1
2	441	1
2	447	1
2	448	5
2	449	5
2	450	2
2	452	2
2	455	7
2	456	1
2	459	3
2	47	1
2	48	1
2	50	1
2	506	1
2	510	2
2	511	1
2	512	1
2	514	1
2	519	13
2	53	1
2	54	1
2	549	22
2	61	6
2	614	1
2	617	1
2	66	1
2	67	2
2	75	9
2	77	1
2	78	1
2	82	1
200	201	6
200	202	83
200	203	31
200	204	19
200	205	4
200	206	8
200	207	18
200	208	28
200	209	9
200	210	492
200	211	32
200	212	6
200	213	6
200	214	14
200	215	8
200	216	3
200	217	45
200	218	7
200	219	277
200	220	36
200	221	20
200	222	12
200	223	1
200	224	1
200	225	47
200	226	36
200	227	6
200	228	5
200	229	5
200	230	1
200	231	15
200	232	62
200	233	34
200	234	6
200	238	51
200	239	118
200	241	24
200	242	103
200	243	53
200	244	122
200	248	3
200	249	4
200	251	1
200	271	1
200	3	36
200	384	9
200	385	21
200	386	57
200	387	29
200	388	11
200	389	10
200	390	15
200	391	10
200	392	36
200	393	4
200	394	2
200	395	2
200	396	14
200	397	47
200	398	15
200	399	7
200	4	16
200	400	18
200	401	25
200	402	66
200	403	21
200	404	23
200	405	17
200	406	22
200	407	6
200	408	25
200	409	17
200	410	37
200	434	7
200	441	4
200	447	44
200	448	5
200	449	5
200	450	10
200	452	9
200	455	10
200	456	57
200	459	2
200	47	5
200	48	8
200	50	11
200	505	4
200	506	1
200	507	3
200	508	2
200	509	1
200	510	12
200	511	2
200	512	2
200	514	6
200	519	11
200	53	30
200	54	42
200	549	8
200	55	3
200	58	14
200	61	5
200	614	2
200	617	2
200	66	73
200	67	2
200	75	14
200	77	3
200	78	4
200	79	1
200	81	6
200	82	3
200	83	2
200	84	3
201	202	1648
201	203	964
201	204	288
201	206	494
201	207	11
201	208	1
201	209	3
201	210	2
201	213	1
201	214	1
201	215	5
201	216	44
201	217	3
201	219	129
201	220	4
201	221	50
201	222	17
201	223	1
201	224	2
201	225	33
201	226	4
201	227	1
201	228	2
201	229	4
201	230	2
201	231	13
201	232	36
201	233	15
201	234	2
201	238	4
201	239	1
201	241	3
201	242	2
201	243	1
201	244	7
201	248	3
201	249	2
201	251	1
201	3	3
201	384	1
201	385	3
201	386	1
201	387	16
201	388	3
201	389	1
201	391	1
201	392	5
201	393	1
201	394	2
201	395	1
201	397	2
201	398	1
201	399	1
201	400	4
201	401	1
201	402	5
201	403	47
201	404	5
201	405	4
201	406	33
201	407	1
201	408	28
201	409	42
201	410	1
201	434	1
201	441	1
201	447	7
201	448	10
201	449	4
201	450	3
201	452	4
201	455	1
201	456	21
201	47	1
201	48	3
201	50	2
201	505	1
201	506	1
201	507	1
201	509	4
201	510	6
201	511	1
201	512	1
201	513	1
201	519	25
201	53	4
201	54	3
201	549	132
201	58	1
201	61	5
201	614	3
201	617	3
201	66	4
201	67	2
201	75	6
201	77	2
201	78	8
201	79	1
201	81	1
201	82	7
201	83	5
201	84	3
202	203	856
202	204	309
202	205	1
202	206	498
202	207	28
202	208	4
202	209	8
202	210	18
202	211	3
202	212	3
202	213	1
202	214	1
202	215	7
202	216	52
202	217	14
202	218	1
202	219	210
202	220	43
202	221	42
202	222	14
202	223	1
202	224	2
202	225	28
202	226	9
202	227	3
202	228	4
202	229	9
202	230	2
202	231	14
202	232	56
202	233	13
202	234	5
202	238	26
202	239	4
202	241	6
202	242	9
202	243	6
202	244	20
202	248	1
202	249	1
202	251	5
202	271	52
202	272	36
202	273	112
202	3	4
202	384	2
202	385	6
202	386	5
202	387	18
202	388	5
202	389	3
202	391	3
202	392	16
202	393	2
202	394	3
202	395	2
202	396	5
202	397	7
202	398	8
202	399	3
202	4	1
202	400	4
202	401	4
202	402	6
202	403	69
202	404	19
202	405	14
202	406	86
202	407	7
202	408	76
202	409	52
202	410	26
202	434	1
202	441	1
202	447	36
202	448	13
202	449	6
202	450	36
202	452	8
202	455	12
202	456	59
202	459	4
202	47	3
202	48	12
202	50	15
202	505	8
202	506	2
202	507	5
202	508	1
202	509	5
202	510	16
202	511	2
202	512	28
202	513	14
202	514	10
202	519	146
202	53	18
202	54	22
202	549	110
202	55	9
202	58	3
202	61	6
202	614	5
202	617	6
202	641	2
202	66	12
202	67	3
202	75	34
202	77	6
202	78	5
202	79	1
202	81	4
202	82	9
202	83	5
202	84	2
203	204	180
203	206	307
203	207	16
203	208	4
203	209	5
203	210	8
203	211	2
203	212	2
203	213	2
203	214	23
203	215	7
203	216	22
203	217	8
203	219	105
203	220	8
203	221	11
203	222	4
203	224	1
203	225	13
203	226	5
203	227	3
203	228	2
203	229	5
203	230	1
203	231	6
203	232	14
203	233	42
203	234	2
203	238	3
203	239	15
203	241	3
203	242	29
203	243	2
203	244	57
203	271	1
203	273	1
203	3	4
203	384	3
203	385	7
203	386	8
203	387	3
203	388	8
203	389	3
203	391	5
203	392	32
203	393	4
203	394	4
203	395	1
203	396	15
203	397	4
203	398	2
203	399	4
203	4	1
203	400	2
203	401	7
203	402	13
203	403	68
203	404	5
203	405	3
203	406	25
203	407	2
203	408	21
203	409	25
203	410	3
203	432	3
203	434	2
203	441	3
203	447	5
203	448	15
203	449	24
203	450	16
203	452	23
203	455	10
203	456	16
203	47	1
203	48	1
203	50	1
203	505	1
203	506	1
203	509	1
203	510	4
203	512	1
203	513	1
203	514	1
203	519	8
203	53	4
203	54	2
203	549	94
203	58	1
203	61	20
203	614	46
203	617	11
203	66	4
203	67	3
203	75	8
203	77	1
203	78	3
203	79	1
203	81	2
203	82	4
203	83	1
203	84	1
204	205	1
204	206	986
204	207	196
204	208	11
204	209	124
204	210	19
204	211	8
204	212	10
204	213	147
204	214	3
204	215	31
204	216	105
204	217	49
204	219	336
204	220	10
204	221	20
204	222	52
204	223	185
204	224	17
204	225	9
204	226	3
204	227	3
204	228	11
204	229	12
204	230	4
204	231	46
204	232	16
204	233	21
204	234	7
204	238	31
204	239	12
204	241	10
204	242	10
204	243	11
204	244	34
204	3	16
204	384	4
204	385	8
204	386	1
204	387	4
204	388	8
204	389	1
204	391	2
204	392	27
204	393	2
204	394	3
204	395	2
204	396	1
204	397	1
204	398	1
204	4	1
204	401	2
204	402	2
204	403	7
204	404	2
204	405	1
204	406	13
204	407	1
204	408	11
204	409	2
204	410	1
204	432	2
204	434	5
204	441	5
204	447	7
204	448	27
204	449	205
204	450	29
204	452	82
204	455	21
204	456	5
204	47	1
204	48	1
204	50	1
204	505	5
204	508	1
204	509	3
204	510	6
204	511	1
204	512	2
204	513	2
204	514	1
204	519	65
204	53	2
204	54	4
204	549	96
204	55	1
204	58	1
204	61	8
204	614	36
204	617	42
204	66	24
204	67	7
204	75	35
204	77	4
204	78	12
204	81	3
204	82	7
204	83	4
204	84	1
205	206	1
205	207	3
205	208	67
205	209	34
205	210	2
205	211	2
205	213	1
205	214	4
205	215	1
205	216	1
205	217	4
205	218	1
205	219	9
205	220	1
205	221	1
205	222	3
205	224	1
205	225	89
205	226	6
205	227	29
205	228	40
205	229	13
205	230	62
205	231	248
205	232	78
205	233	16
205	234	8
205	239	14
205	241	1
205	242	4
205	243	1
205	244	10
205	384	12
205	385	2
205	386	3
205	387	1
205	389	5
205	390	7
205	391	2
205	392	1
205	397	1
205	398	1
205	401	3
205	402	1
205	432	1
205	434	4
205	441	4
205	447	1
205	448	4
205	449	1
205	450	2
205	452	1
205	455	1
205	456	1
205	505	2
205	508	10
205	509	12
205	510	3
205	511	1
205	512	5
205	514	1
205	519	3
205	54	4
205	549	16
205	614	2
205	617	1
205	66	14
205	67	3
205	75	1
205	77	1
205	78	3
205	81	8
205	82	26
205	83	3
205	84	3
206	207	702
206	208	5
206	209	106
206	210	2
206	211	2
206	213	4
206	214	1
206	215	13
206	216	51
206	217	8
206	219	298
206	220	6
206	221	22
206	222	49
206	223	6
206	224	110
206	225	15
206	226	8
206	227	5
206	228	23
206	229	35
206	230	3
206	231	10
206	232	18
206	233	18
206	234	9
206	238	41
206	239	2
206	241	4
206	242	9
206	243	3
206	244	45
206	3	23
206	384	3
206	385	8
206	387	3
206	388	4
206	391	3
206	392	57
206	393	1
206	394	1
206	4	3
206	401	1
206	402	1
206	403	11
206	404	1
206	405	1
206	406	24
206	407	1
206	408	20
206	409	3
206	410	1
206	432	4
206	434	13
206	441	14
206	447	1
206	448	13
206	449	170
206	450	25
206	452	473
206	455	1
206	456	5
206	48	1
206	50	2
206	505	5
206	506	1
206	508	2
206	509	5
206	510	7
206	511	1
206	512	2
206	513	2
206	514	1
206	519	57
206	53	1
206	54	1
206	549	163
206	61	12
206	614	62
206	617	104
206	66	9
206	67	2
206	75	50
206	77	4
206	78	10
206	79	1
206	81	2
206	82	7
206	83	4
206	84	2
207	208	5
207	209	111
207	210	4
207	211	2
207	212	1
207	213	3
207	214	1
207	215	4
207	216	13
207	217	48
207	218	1
207	219	288
207	220	21
207	221	97
207	222	180
207	223	11
207	224	170
207	225	11
207	226	4
207	227	5
207	228	21
207	229	25
207	230	3
207	231	9
207	232	10
207	233	7
207	234	5
207	238	44
207	239	4
207	241	7
207	242	17
207	243	9
207	244	74
207	251	1
207	3	205
207	384	1
207	385	8
207	386	1
207	387	1
207	388	9
207	389	1
207	391	4
207	392	101
207	393	1
207	394	1
207	396	1
207	397	1
207	398	1
207	4	4
207	401	2
207	402	2
207	403	5
207	404	2
207	405	1
207	406	4
207	408	4
207	409	1
207	410	2
207	432	9
207	434	33
207	441	28
207	447	5
207	448	32
207	449	232
207	450	28
207	452	481
207	455	6
207	456	11
207	47	1
207	48	3
207	50	1
207	505	5
207	508	1
207	509	1
207	510	7
207	512	1
207	514	1
207	519	8
207	53	3
207	54	7
207	549	25
207	55	1
207	61	7
207	614	86
207	617	126
207	66	127
207	67	6
207	75	55
207	77	3
207	78	15
207	79	1
207	81	3
207	82	8
207	83	1
207	84	2
208	209	180
208	210	56
208	211	49
208	212	17
208	213	103
208	214	162
208	215	53
208	216	98
208	217	10
208	219	36
208	220	2
208	221	1
208	222	5
208	224	2
208	225	17
208	226	6
208	227	3
208	228	13
208	229	2
208	230	6
208	231	5
208	232	7
208	233	16
208	234	4
208	238	3
208	239	150
208	241	38
208	242	60
208	243	23
208	244	22
208	3	1
208	384	363
208	385	7
208	386	24
208	387	3
208	388	1
208	389	3
208	390	3
208	391	3
208	392	5
208	393	3
208	396	1
208	397	4
208	398	8
208	399	1
208	400	1
208	401	7
208	402	8
208	403	2
208	404	2
208	405	8
208	406	10
208	407	2
208	408	11
208	409	2
208	410	4
208	432	2
208	434	4
208	441	3
208	447	2
208	448	22
208	449	10
208	450	16
208	452	3
208	455	4
208	456	12
208	47	1
208	48	1
208	50	1
208	505	1
208	506	1
208	508	1
208	510	1
208	511	1
208	512	1
208	514	1
208	519	3
208	53	5
208	54	1
208	549	12
208	55	1
208	58	4
208	61	2
208	614	24
208	617	5
208	66	6
208	67	2
208	75	2
208	77	2
208	78	5
208	81	125
208	82	12
208	83	6
208	84	4
209	210	60
209	211	93
209	212	28
209	213	41
209	214	67
209	215	191
209	216	857
209	217	2
209	219	21
209	220	1
209	221	3
209	222	6
209	224	2
209	225	15
209	227	3
209	228	5
209	229	15
209	231	6
209	232	5
209	233	7
209	234	3
209	238	14
209	239	26
209	241	8
209	242	13
209	243	2
209	244	15
209	3	3
209	384	61
209	385	2
209	386	1
209	387	1
209	388	3
209	389	1
209	391	3
209	392	12
209	393	1
209	394	1
209	397	1
209	398	1
209	399	1
209	401	2
209	402	1
209	403	2
209	404	1
209	405	2
209	406	2
209	408	3
209	409	1
209	410	1
209	432	1
209	434	8
209	441	9
209	447	2
209	448	10
209	449	14
209	450	6
209	452	12
209	455	2
209	456	6
209	505	2
209	509	1
209	510	1
209	519	4
209	53	1
209	54	1
209	549	20
209	58	1
209	61	2
209	614	17
209	617	113
209	66	3
209	67	1
209	75	19
209	77	1
209	78	2
209	81	8
209	82	13
209	83	1
209	84	1
210	211	964
210	212	140
210	213	124
210	214	60
210	215	44
210	216	19
210	217	7
210	218	1
210	219	82
210	220	6
210	221	5
210	222	2
210	225	28
210	226	3
210	227	2
210	228	1
210	229	6
210	230	1
210	231	38
210	232	56
210	233	16
210	234	5
210	238	12
210	239	61
210	241	10
210	242	25
210	243	10
210	244	24
210	251	2
210	3	3
210	384	54
210	385	5
210	386	13
210	387	5
210	388	1
210	389	3
210	391	8
210	392	9
210	393	2
210	394	1
210	395	11
210	396	11
210	397	19
210	398	39
210	399	8
210	4	1
210	400	10
210	401	10
210	402	14
210	403	14
210	404	14
210	405	21
210	406	28
210	407	1
210	408	32
210	409	13
210	410	10
210	432	1
210	434	5
210	441	4
210	447	35
210	448	5
210	449	3
210	450	15
210	452	1
210	455	8
210	456	13
210	459	7
210	48	1
210	50	1
210	505	1
210	508	1
210	510	5
210	512	1
210	514	2
210	519	3
210	53	12
210	54	18
210	549	3
210	55	2
210	58	6
210	61	1
210	614	3
210	617	1
210	66	12
210	67	1
210	75	3
210	77	1
210	78	1
210	79	1
210	81	2
210	82	2
210	83	1
210	84	1
211	212	128
211	213	117
211	214	23
211	215	28
211	216	35
211	217	1
211	219	15
211	221	1
211	222	2
211	225	2
211	231	3
211	232	1
211	233	1
211	234	1
211	239	6
211	241	1
211	242	4
211	243	1
211	244	3
211	3	1
211	384	23
211	386	2
211	387	3
211	388	1
211	389	1
211	391	1
211	392	2
211	397	1
211	398	3
211	401	1
211	402	1
211	405	1
211	406	1
211	408	1
211	410	1
211	434	1
211	441	1
211	447	3
211	448	22
211	449	6
211	450	46
211	452	1
211	455	2
211	456	2
211	510	1
211	519	2
211	53	1
211	54	1
211	549	1
211	614	2
211	617	1
211	66	1
211	81	2
211	82	2
212	213	39
212	214	27
212	215	21
212	216	23
212	217	1
212	218	1
212	219	7
212	221	1
212	222	2
212	225	1
212	229	1
212	231	2
212	232	1
212	233	3
212	234	1
212	239	6
212	241	1
212	242	3
212	244	4
212	3	1
212	384	9
212	386	1
212	387	2
212	388	1
212	389	2
212	392	3
212	398	1
212	401	1
212	402	1
212	403	1
212	404	1
212	405	2
212	406	1
212	408	2
212	447	3
212	448	12
212	449	3
212	450	52
212	452	1
212	455	8
212	456	1
212	50	1
212	510	5
212	514	2
212	53	1
212	54	1
212	549	1
212	75	1
212	81	1
212	82	2
212	83	1
213	214	16
213	215	40
213	216	43
213	217	2
213	219	6
213	221	1
213	222	1
213	223	21
213	224	1
213	225	1
213	228	1
213	231	4
213	232	2
213	233	2
213	238	1
213	239	5
213	241	9
213	242	16
213	243	16
213	244	4
213	3	1
213	384	18
213	386	1
213	389	1
213	392	2
213	395	1
213	401	1
213	402	2
213	403	1
213	404	1
213	405	1
213	406	2
213	408	2
213	410	2
213	434	1
213	441	1
213	447	5
213	448	9
213	449	130
213	450	13
213	452	6
213	455	2
213	456	2
213	47	1
213	511	1
213	519	2
213	53	1
213	54	1
213	549	1
213	58	1
213	614	8
213	617	4
213	66	1
213	67	2
213	75	1
213	77	1
213	78	1
213	81	26
213	82	1
213	83	1
213	84	1
214	215	69
214	216	44
214	217	4
214	219	12
214	220	3
214	222	1
214	225	2
214	226	3
214	231	2
214	232	3
214	233	9
214	234	1
214	238	2
214	239	43
214	241	4
214	242	19
214	243	7
214	244	30
214	3	2
214	384	58
214	385	1
214	386	1
214	387	1
214	388	1
214	390	7
214	391	3
214	392	4
214	397	1
214	4	1
214	401	2
214	402	4
214	405	1
214	408	1
214	448	1
214	449	1
214	450	1
214	452	1
214	455	1
214	456	2
214	505	1
214	511	1
214	519	2
214	53	1
214	54	1
214	549	10
214	58	1
214	61	5
214	614	1
214	617	1
214	66	2
214	81	18
214	82	10
214	83	13
214	84	2
215	216	418
215	217	2
215	219	7
215	220	1
215	221	1
215	222	2
215	225	4
215	226	1
215	227	1
215	228	1
215	229	3
215	231	2
215	232	3
215	233	10
215	234	1
215	238	1
215	239	16
215	241	7
215	242	17
215	243	1
215	244	21
215	3	1
215	384	119
215	385	6
215	386	2
215	387	2
215	388	4
215	389	3
215	391	4
215	392	4
215	393	1
215	396	1
215	397	1
215	400	1
215	401	3
215	402	2
215	403	2
215	404	1
215	405	2
215	406	3
215	407	1
215	408	3
215	409	1
215	410	3
215	434	1
215	441	1
215	447	2
215	448	29
215	449	11
215	450	5
215	452	2
215	455	2
215	456	2
215	505	3
215	509	3
215	510	4
215	511	94
215	512	1
215	513	1
215	519	9
215	53	1
215	549	10
215	58	1
215	61	1
215	614	3
215	617	4
215	66	4
215	75	2
215	77	1
215	78	1
215	81	12
215	82	5
215	83	1
215	84	3
216	217	2
216	219	11
216	220	1
216	221	1
216	222	1
216	223	2
216	225	17
216	226	2
216	227	3
216	228	2
216	229	19
216	231	4
216	232	6
216	233	11
216	234	3
216	238	6
216	239	11
216	241	6
216	242	5
216	243	1
216	244	9
216	3	2
216	384	77
216	385	8
216	386	2
216	387	23
216	388	6
216	391	1
216	392	6
216	393	1
216	394	1
216	395	1
216	402	2
216	403	3
216	404	1
216	405	1
216	406	7
216	407	1
216	408	6
216	409	2
216	434	1
216	441	1
216	447	1
216	448	4
216	449	2
216	450	2
216	452	2
216	455	1
216	456	2
216	50	1
216	505	1
216	509	2
216	510	2
216	511	1
216	512	1
216	513	1
216	514	1
216	519	9
216	53	1
216	549	37
216	553	3
216	61	2
216	614	5
216	617	14
216	66	2
216	67	1
216	75	48
216	77	2
216	78	1
216	81	4
216	82	30
216	83	1
216	84	2
217	218	25
217	219	91
217	220	68
217	221	67
217	222	151
217	223	26
217	224	36
217	225	25
217	226	36
217	227	1
217	228	7
217	229	1
217	231	3
217	232	13
217	233	16
217	234	1
217	238	57
217	239	22
217	241	14
217	242	22
217	243	8
217	244	125
217	248	12
217	249	20
217	251	4
217	3	22
217	384	2
217	385	4
217	386	3
217	387	3
217	388	24
217	389	1
217	391	2
217	392	8
217	393	1
217	394	1
217	395	2
217	396	1
217	397	5
217	398	3
217	399	3
217	4	1
217	400	4
217	401	13
217	402	21
217	403	9
217	404	9
217	405	7
217	406	3
217	407	4
217	408	6
217	409	4
217	410	61
217	434	1
217	441	1
217	447	14
217	448	21
217	449	13
217	450	5
217	452	4
217	455	3
217	456	41
217	47	47
217	48	205
217	50	72
217	505	2
217	506	1
217	507	2
217	508	1
217	509	1
217	510	2
217	511	1
217	512	1
217	519	14
217	53	89
217	54	60
217	549	12
217	55	154
217	58	2
217	61	10
217	614	23
217	617	9
217	66	167
217	67	35
217	75	4
217	77	20
217	78	67
217	79	4
217	81	7
217	82	15
217	83	1
217	84	4
218	219	6
218	220	1
218	221	3
218	222	9
218	223	1
218	224	1
218	225	1
218	226	2
218	228	1
218	233	1
218	242	1
218	243	1
218	244	1
218	248	133
218	249	12
218	3	1
218	410	1
218	447	1
218	448	2
218	449	1
218	450	1
218	456	1
218	47	2
218	48	2
218	50	2
218	53	1
218	54	1
218	55	1
218	66	3
218	67	1
218	77	1
218	78	2
218	84	1
219	220	43
219	221	109
219	222	306
219	223	8
219	224	223
219	225	38
219	226	16
219	227	27
219	228	28
219	229	7
219	230	9
219	231	36
219	232	16
219	233	32
219	234	12
219	238	15
219	239	32
219	241	8
219	242	47
219	243	21
219	244	125
219	248	1
219	249	1
219	251	1
219	271	1
219	273	1
219	3	117
219	384	11
219	385	21
219	386	11
219	387	27
219	388	23
219	389	5
219	390	1
219	391	13
219	392	102
219	393	1
219	394	1
219	395	1
219	396	3
219	397	24
219	398	46
219	399	6
219	4	4
219	400	11
219	401	19
219	402	20
219	403	24
219	404	20
219	405	30
219	406	33
219	407	2
219	408	43
219	409	13
219	410	12
219	432	6
219	434	13
219	441	12
219	447	76
219	448	59
219	449	76
219	450	108
219	452	198
219	455	19
219	456	15
219	459	48
219	47	3
219	48	6
219	50	6
219	505	6
219	506	1
219	507	2
219	508	3
219	509	4
219	510	35
219	511	2
219	512	8
219	513	6
219	514	12
219	519	24
219	53	9
219	54	10
219	549	121
219	55	3
219	58	2
219	61	42
219	614	40
219	617	72
219	641	1
219	66	96
219	67	19
219	75	16
219	77	8
219	78	90
219	79	2
219	81	6
219	82	28
219	83	3
219	84	2
220	221	236
220	222	204
220	223	16
220	224	47
220	225	5
220	226	4
220	227	1
220	228	2
220	229	7
220	231	1
220	232	3
220	233	4
220	234	1
220	238	2
220	239	4
220	241	4
220	242	10
220	243	24
220	244	45
220	248	1
220	249	10
220	3	2
220	385	1
220	387	5
220	388	1
220	389	1
220	391	2
220	392	4
220	393	1
220	397	3
220	398	1
220	399	1
220	400	1
220	401	6
220	402	12
220	403	159
220	404	30
220	405	2
220	406	10
220	407	14
220	408	9
220	409	2
220	410	6
220	441	1
220	447	26
220	448	5
220	449	3
220	450	5
220	452	3
220	455	3
220	456	40
220	47	6
220	48	8
220	50	7
220	505	6
220	506	1
220	507	3
220	508	2
220	509	1
220	510	1
220	511	1
220	513	1
220	514	1
220	519	1
220	53	27
220	54	3
220	549	3
220	55	2
220	58	4
220	61	1
220	614	1
220	617	3
220	66	23
220	67	4
220	75	1
220	77	5
220	78	25
220	81	2
220	82	6
220	83	1
220	84	2
221	222	568
221	223	52
221	224	188
221	225	22
221	226	9
221	227	1
221	228	7
221	229	8
221	230	1
221	231	4
221	232	9
221	233	3
221	234	2
221	238	4
221	239	2
221	241	2
221	242	7
221	243	3
221	244	12
221	248	4
221	249	17
221	251	22
221	3	6
221	384	1
221	385	2
221	386	1
221	387	5
221	388	3
221	389	1
221	391	1
221	392	4
221	393	1
221	394	3
221	395	1
221	396	1
221	397	2
221	398	2
221	399	1
221	400	1
221	401	5
221	402	12
221	403	22
221	404	8
221	405	3
221	406	4
221	407	8
221	408	5
221	409	2
221	410	8
221	432	2
221	434	3
221	441	3
221	447	31
221	448	14
221	449	16
221	450	34
221	452	45
221	455	10
221	456	35
221	459	1
221	47	15
221	48	59
221	50	107
221	505	5
221	506	4
221	507	8
221	508	2
221	509	2
221	510	6
221	511	1
221	512	1
221	514	1
221	519	9
221	53	10
221	54	55
221	549	10
221	55	15
221	58	3
221	61	2
221	614	16
221	617	7
221	66	49
221	67	11
221	75	6
221	77	19
221	78	57
221	79	1
221	81	4
221	82	15
221	83	2
221	84	5
222	223	330
222	224	414
222	225	11
222	226	2
222	227	2
222	228	13
222	229	3
222	230	2
222	231	8
222	232	3
222	233	3
222	234	3
222	238	5
222	239	2
222	241	3
222	242	7
222	243	3
222	244	33
222	248	1
222	249	1
222	251	1
222	3	18
222	384	1
222	385	2
222	386	1
222	387	1
222	388	3
222	391	1
222	392	7
222	394	1
222	397	1
222	398	2
222	400	1
222	401	3
222	402	3
222	403	8
222	404	4
222	405	3
222	406	5
222	407	1
222	408	5
222	409	1
222	410	4
222	432	2
222	434	3
222	441	3
222	447	24
222	448	31
222	449	39
222	450	307
222	452	82
222	455	8
222	456	8
222	47	14
222	48	15
222	50	10
222	505	2
222	506	2
222	507	2
222	508	2
222	509	1
222	510	3
222	512	1
222	519	5
222	53	4
222	54	10
222	549	32
222	55	8
222	58	1
222	61	4
222	614	15
222	617	22
222	66	126
222	67	22
222	75	5
222	77	46
222	78	231
222	79	2
222	81	9
222	82	14
222	83	1
222	84	2
223	224	155
223	225	1
223	228	3
223	231	3
223	232	1
223	239	1
223	241	1
223	242	1
223	243	3
223	244	1
223	248	1
223	249	1
223	3	6
223	385	1
223	392	2
223	394	1
223	401	1
223	402	1
223	403	2
223	404	1
223	405	1
223	406	1
223	408	2
223	410	2
223	432	1
223	447	5
223	448	44
223	449	131
223	450	12
223	452	10
223	455	8
223	456	2
223	47	2
223	48	2
223	50	1
223	519	1
223	53	1
223	54	2
223	549	1
223	55	2
223	614	1
223	617	1
223	66	12
223	67	11
223	77	3
223	78	10
223	81	1
223	82	1
224	225	6
224	226	1
224	227	1
224	228	11
224	229	3
224	230	1
224	231	2
224	232	1
224	233	1
224	234	2
224	238	1
224	239	1
224	241	1
224	242	1
224	243	3
224	244	6
224	249	1
224	3	5
224	388	1
224	392	2
224	401	1
224	402	1
224	403	2
224	404	1
224	405	1
224	406	2
224	408	2
224	432	26
224	434	35
224	441	34
224	447	4
224	448	86
224	449	183
224	450	11
224	452	1175
224	455	1
224	456	1
224	47	1
224	48	1
224	50	1
224	510	1
224	519	2
224	54	2
224	549	3
224	55	1
224	614	100
224	617	6
224	66	30
224	67	7
224	75	1
224	77	36
224	78	40
224	81	1
224	82	2
225	226	403
225	227	400
225	228	559
225	229	375
225	230	15
225	231	77
225	232	49
225	233	56
225	234	16
225	238	5
225	239	31
225	241	6
225	242	79
225	243	60
225	244	31
225	248	8
225	249	7
225	251	5
225	271	1
225	272	1
225	3	5
225	384	5
225	385	9
225	386	102
225	387	9
225	388	6
225	389	310
225	390	31
225	391	62
225	392	21
225	393	17
225	394	4
225	395	11
225	396	18
225	397	20
225	398	25
225	399	8
225	4	1
225	400	15
225	401	24
225	402	92
225	403	13
225	404	14
225	405	8
225	406	6
225	407	2
225	408	10
225	409	12
225	410	33
225	432	75
225	434	44
225	441	66
225	447	26
225	448	18
225	449	6
225	450	20
225	452	9
225	455	69
225	456	20
225	459	10
225	47	16
225	48	19
225	50	21
225	505	4
225	506	3
225	507	5
225	508	24
225	509	5
225	510	23
225	511	5
225	512	20
225	513	4
225	514	6
225	519	5
225	53	14
225	54	54
225	549	33
225	55	10
225	58	4
225	61	9
225	614	10
225	617	4
225	641	3
225	66	12
225	67	6
225	75	9
225	77	27
225	78	57
225	79	2
225	81	55
225	82	21
225	83	4
225	84	7
226	227	247
226	228	64
226	229	48
226	230	25
226	231	9
226	232	25
226	233	11
226	234	8
226	238	5
226	239	7
226	241	5
226	242	36
226	243	40
226	244	51
226	248	3
226	249	3
226	251	3
226	271	5
226	272	2
226	273	9
226	3	2
226	384	2
226	385	3
226	386	15
226	387	4
226	388	2
226	389	92
226	390	170
226	391	19
226	392	18
226	393	2
226	394	3
226	395	1
226	396	4
226	397	4
226	398	3
226	399	1
226	4	1
226	400	2
226	401	12
226	402	53
226	403	12
226	404	12
226	405	1
226	406	2
226	407	1
226	408	2
226	409	3
226	410	7
226	432	14
226	434	3
226	441	9
226	447	10
226	448	5
226	449	2
226	450	3
226	452	2
226	455	21
226	456	7
226	459	3
226	47	30
226	48	48
226	50	64
226	505	3
226	506	6
226	507	6
226	508	12
226	509	4
226	510	27
226	511	3
226	512	12
226	513	5
226	514	3
226	519	4
226	53	6
226	54	35
226	549	16
226	55	14
226	58	1
226	61	3
226	614	12
226	617	1
226	641	1
226	66	20
226	67	11
226	75	14
226	77	27
226	78	9
226	79	1
226	81	5
226	82	20
226	83	3
226	84	3
227	228	188
227	229	127
227	230	17
227	231	59
227	232	38
227	233	29
227	234	23
227	238	1
227	239	8
227	241	2
227	242	17
227	243	24
227	244	5
227	271	4
227	272	6
227	273	3
227	3	2
227	384	2
227	385	3
227	386	6
227	387	30
227	388	4
227	389	88
227	390	2
227	391	10
227	392	13
227	393	7
227	396	6
227	397	5
227	398	6
227	399	1
227	400	2
227	401	5
227	402	13
227	403	1
227	404	1
227	405	1
227	406	1
227	407	2
227	408	1
227	409	4
227	410	1
227	432	57
227	434	15
227	441	38
227	447	4
227	448	5
227	449	2
227	450	8
227	452	2
227	455	19
227	456	5
227	459	1
227	48	1
227	50	1
227	505	14
227	506	7
227	507	4
227	508	244
227	509	17
227	510	124
227	511	18
227	512	90
227	513	20
227	514	26
227	519	1
227	53	1
227	54	2
227	549	42
227	61	6
227	614	11
227	617	6
227	641	13
227	66	1
227	67	1
227	75	6
227	77	3
227	78	2
227	81	11
227	82	6
227	83	1
228	229	465
228	230	18
228	231	57
228	232	21
228	233	7
228	234	8
228	238	2
228	239	2
228	241	2
228	242	8
228	243	15
228	244	9
228	3	6
228	384	1
228	385	1
228	386	3
228	387	1
228	388	3
228	389	16
228	390	2
228	391	2
228	392	9
228	393	2
228	394	2
228	396	1
228	397	1
228	398	2
228	399	1
228	401	2
228	402	5
228	403	4
228	404	2
228	405	2
228	406	2
228	408	2
228	409	1
228	410	1
228	432	69
228	434	53
228	441	69
228	447	7
228	448	40
228	449	30
228	450	19
228	452	26
228	455	6
228	456	4
228	47	2
228	48	2
228	50	3
228	505	1
228	506	1
228	507	1
228	508	4
228	509	2
228	510	9
228	511	1
228	512	14
228	513	1
228	514	1
228	519	2
228	53	1
228	54	4
228	549	31
228	55	1
228	58	1
228	61	1
228	614	26
228	617	15
228	66	3
228	67	2
228	75	4
228	77	15
228	78	7
228	79	1
228	81	22
228	82	9
228	83	2
228	84	1
229	230	4
229	231	14
229	232	29
229	233	8
229	234	5
229	238	1
229	239	3
229	241	5
229	242	7
229	243	8
229	244	5
229	3	2
229	384	4
229	385	4
229	386	6
229	388	4
229	389	58
229	390	4
229	391	4
229	392	7
229	393	31
229	394	5
229	395	26
229	396	31
229	397	2
229	398	2
229	399	2
229	4	1
229	401	2
229	402	11
229	403	12
229	404	4
229	405	1
229	406	2
229	407	1
229	408	2
229	409	2
229	410	1
229	432	99
229	434	72
229	441	92
229	447	2
229	448	4
229	449	6
229	450	3
229	452	11
229	455	5
229	456	2
229	459	1
229	47	2
229	48	1
229	50	5
229	508	2
229	509	4
229	510	4
229	512	3
229	513	1
229	514	1
229	519	2
229	53	1
229	54	7
229	549	53
229	55	2
229	553	4
229	58	1
229	61	1
229	614	26
229	617	20
229	66	3
229	67	1
229	75	11
229	77	2
229	78	3
229	81	2
229	82	3
229	84	8
230	231	169
230	232	140
230	233	85
230	234	73
230	238	1
230	239	1
230	241	1
230	242	7
230	243	2
230	244	10
230	273	1
230	3	1
230	386	1
230	387	1
230	389	2
230	391	1
230	392	2
230	397	2
230	398	2
230	401	1
230	402	5
230	409	1
230	410	1
230	432	6
230	434	42
230	441	39
230	447	1
230	448	1
230	449	1
230	450	4
230	452	1
230	455	1
230	456	3
230	47	2
230	48	1
230	50	1
230	505	1
230	506	1
230	508	11
230	509	4
230	510	8
230	511	3
230	512	18
230	513	2
230	514	1
230	54	2
230	549	25
230	61	1
230	614	4
230	617	1
230	66	1
230	75	5
230	77	1
230	78	1
230	81	2
230	82	33
230	83	1
231	232	650
231	233	506
231	234	90
231	238	2
231	239	8
231	241	6
231	242	17
231	243	6
231	244	10
231	249	1
231	251	3
231	271	1
231	272	1
231	273	1
231	3	2
231	384	3
231	385	9
231	386	14
231	387	11
231	388	1
231	389	5
231	391	6
231	392	7
231	393	2
231	394	2
231	395	2
231	396	3
231	397	18
231	398	39
231	399	7
231	4	1
231	400	6
231	401	6
231	402	10
231	403	16
231	404	15
231	405	13
231	406	12
231	407	6
231	408	16
231	409	20
231	410	5
231	432	15
231	434	88
231	441	82
231	447	39
231	448	27
231	449	33
231	450	124
231	452	24
231	455	17
231	456	8
231	459	6
231	47	1
231	48	1
231	50	1
231	505	9
231	506	3
231	507	1
231	508	46
231	509	22
231	510	31
231	511	4
231	512	54
231	513	9
231	514	5
231	519	7
231	53	6
231	54	4
231	549	81
231	58	2
231	61	2
231	614	19
231	617	10
231	66	3
231	67	2
231	75	9
231	77	4
231	78	3
231	79	1
231	81	4
231	82	63
231	83	5
232	233	227
232	234	85
232	238	7
232	239	21
232	241	7
232	242	24
232	243	7
232	244	19
232	248	4
232	249	3
232	251	12
232	271	4
232	272	4
232	273	5
232	3	3
232	384	3
232	385	10
232	386	21
232	387	8
232	388	2
232	389	4
232	390	1
232	391	3
232	392	6
232	393	9
232	394	7
232	395	22
232	396	24
232	397	11
232	398	12
232	399	5
232	4	1
232	400	4
232	401	7
232	402	11
232	403	29
232	404	45
232	405	11
232	406	12
232	407	9
232	408	16
232	409	14
232	410	6
232	432	4
232	434	32
232	441	48
232	447	35
232	448	22
232	449	9
232	450	36
232	452	10
232	455	40
232	456	39
232	459	1
232	47	2
232	48	6
232	50	10
232	505	19
232	506	5
232	507	3
232	508	140
232	509	19
232	510	47
232	511	22
232	512	58
232	513	32
232	514	10
232	519	17
232	53	27
232	54	75
232	549	56
232	55	15
232	58	2
232	61	3
232	614	15
232	617	16
232	641	4
232	66	22
232	67	7
232	75	59
232	77	5
232	78	6
232	79	1
232	81	8
232	82	19
232	83	2
232	84	1
233	234	37
233	238	4
233	239	39
233	241	11
233	242	44
233	243	9
233	244	60
233	248	2
233	249	1
233	251	1
233	271	1
233	272	1
233	273	1
233	3	4
233	384	5
233	385	41
233	386	35
233	387	42
233	388	13
233	389	9
233	390	1
233	391	11
233	392	7
233	393	4
233	394	1
233	395	2
233	396	7
233	397	9
233	398	14
233	399	3
233	4	2
233	400	6
233	401	20
233	402	18
233	403	4
233	404	3
233	405	2
233	406	4
233	407	9
233	408	4
233	409	4
233	410	12
233	432	4
233	434	24
233	441	23
233	447	19
233	448	5
233	449	9
233	450	9
233	452	8
233	455	19
233	456	7
233	459	1
233	47	2
233	48	2
233	50	1
233	505	5
233	506	6
233	507	1
233	508	43
233	509	8
233	510	22
233	511	3
233	512	18
233	513	5
233	514	7
233	519	7
233	53	4
233	54	3
233	549	40
233	55	1
233	61	12
233	614	5
233	617	4
233	641	1
233	66	7
233	67	2
233	75	15
233	77	3
233	78	4
233	79	1
233	81	7
233	82	21
233	83	6
233	84	1
234	238	3
234	239	4
234	241	2
234	242	16
234	243	3
234	244	13
234	251	1
234	271	7
234	272	6
234	273	8
234	3	1
234	384	2
234	385	3
234	386	14
234	387	2
234	388	1
234	389	4
234	390	1
234	391	4
234	392	3
234	393	2
234	394	1
234	395	2
234	396	2
234	397	32
234	398	45
234	399	3
234	400	4
234	401	10
234	402	47
234	403	6
234	404	8
234	405	12
234	406	10
234	407	1
234	408	11
234	409	9
234	410	3
234	432	2
234	434	6
234	441	7
234	447	24
234	448	25
234	449	7
234	450	40
234	452	4
234	455	16
234	456	11
234	459	24
234	47	2
234	48	4
234	50	2
234	505	6
234	506	6
234	507	1
234	508	69
234	509	21
234	510	24
234	511	4
234	512	92
234	513	19
234	514	7
234	519	2
234	53	4
234	54	3
234	549	73
234	55	1
234	58	1
234	61	3
234	614	15
234	617	5
234	641	1
234	66	2
234	67	3
234	75	9
234	77	4
234	78	2
234	81	3
234	82	8
234	83	3
234	84	1
238	239	39
238	241	4
238	242	36
238	243	3
238	244	25
238	248	1
238	249	1
238	3	10
238	384	2
238	385	3
238	386	1
238	387	5
238	388	19
238	389	4
238	391	3
238	392	14
238	393	6
238	394	4
238	395	2
238	396	6
238	397	3
238	398	2
238	399	1
238	4	8
238	400	2
238	401	4
238	402	18
238	403	24
238	404	30
238	405	10
238	406	18
238	407	8
238	408	14
238	409	4
238	410	6
238	441	1
238	447	8
238	448	5
238	449	2
238	450	2
238	452	8
238	455	3
238	456	12
238	459	1
238	47	3
238	48	31
238	50	15
238	505	22
238	506	1
238	507	1
238	508	2
238	509	1
238	510	5
238	511	1
238	512	3
238	513	1
238	514	6
238	519	60
238	53	21
238	54	5
238	549	15
238	55	3
238	58	2
238	61	13
238	614	3
238	617	7
238	66	9
238	67	3
238	75	186
238	77	5
238	78	3
238	79	1
238	81	1
238	82	6
238	83	3
238	84	2
239	241	31
239	242	88
239	243	14
239	244	100
239	248	1
239	249	1
239	251	2
239	271	2
239	3	32
239	384	39
239	385	16
239	386	18
239	387	11
239	388	9
239	389	12
239	390	4
239	391	9
239	392	29
239	393	4
239	394	2
239	395	1
239	396	7
239	397	12
239	398	8
239	399	4
239	4	31
239	400	8
239	401	16
239	402	23
239	403	9
239	404	6
239	405	6
239	406	8
239	407	11
239	408	9
239	409	18
239	410	9
239	432	2
239	434	2
239	441	3
239	447	13
239	448	40
239	449	9
239	450	13
239	452	12
239	455	13
239	456	11
239	459	1
239	47	1
239	48	5
239	50	9
239	505	4
239	506	3
239	507	1
239	508	2
239	509	1
239	510	4
239	511	1
239	512	3
239	514	3
239	519	53
239	53	40
239	54	5
239	549	34
239	55	1
239	58	3
239	61	13
239	614	17
239	617	5
239	66	16
239	67	3
239	75	8
239	77	4
239	78	3
239	79	4
239	81	10
239	82	5
239	83	2
239	84	2
241	242	28
241	243	88
241	244	93
241	3	2
241	384	10
241	385	2
241	386	9
241	387	2
241	389	2
241	391	3
241	392	3
241	394	1
241	395	1
241	396	1
241	397	8
241	398	8
241	399	3
241	4	1
241	400	8
241	401	28
241	402	13
241	403	6
241	404	4
241	405	13
241	406	50
241	407	5
241	408	43
241	409	13
241	410	23
241	432	1
241	434	7
241	441	7
241	447	4
241	448	6
241	449	17
241	450	10
241	452	6
241	455	3
241	456	5
241	459	1
241	48	1
241	50	1
241	505	1
241	508	1
241	510	1
241	511	1
241	519	9
241	53	6
241	54	6
241	549	52
241	55	1
241	553	3
241	58	2
241	61	1
241	614	21
241	617	38
241	66	33
241	67	3
241	75	5
241	77	2
241	78	1
241	79	1
241	81	7
241	82	1
241	83	2
241	84	1
242	243	364
242	244	308
242	248	1
242	249	2
242	251	1
242	3	12
242	384	40
242	385	14
242	386	29
242	387	10
242	388	8
242	389	28
242	390	32
242	391	33
242	392	190
242	393	3
242	394	1
242	395	1
242	396	6
242	397	25
242	398	27
242	399	3
242	4	6
242	400	5
242	401	136
242	402	35
242	403	5
242	404	5
242	405	4
242	406	5
242	407	2
242	408	5
242	409	3
242	410	20
242	432	7
242	434	49
242	441	43
242	447	32
242	448	20
242	449	11
242	450	12
242	452	8
242	455	28
242	456	33
242	459	2
242	47	2
242	48	5
242	50	10
242	505	4
242	506	2
242	507	1
242	508	5
242	509	1
242	510	7
242	511	2
242	512	2
242	514	4
242	519	18
242	53	8
242	54	3
242	549	13
242	55	1
242	58	6
242	61	3
242	614	18
242	617	10
242	66	22
242	67	5
242	75	10
242	77	6
242	78	3
242	79	1
242	81	5
242	82	5
242	83	10
242	84	2
243	244	86
243	249	2
243	3	3
243	384	3
243	385	2
243	386	9
243	387	3
243	388	10
243	389	12
243	390	16
243	391	6
243	392	26
243	393	1
243	394	1
243	396	8
243	397	3
243	398	3
243	399	1
243	4	1
243	400	1
243	401	26
243	402	16
243	403	2
243	404	2
243	405	14
243	406	23
243	408	23
243	409	12
243	410	13
243	432	8
243	434	13
243	441	14
243	447	7
243	448	8
243	449	57
243	450	7
243	452	22
243	455	19
243	456	54
243	47	5
243	48	1
243	50	3
243	505	1
243	506	2
243	507	2
243	508	2
243	510	2
243	511	1
243	512	1
243	514	1
243	519	4
243	53	14
243	54	3
243	549	3
243	58	9
243	61	1
243	614	21
243	617	13
243	66	17
243	67	3
243	75	8
243	77	5
243	78	3
243	79	1
243	81	10
243	82	2
243	83	106
243	84	1
244	249	1
244	251	1
244	3	35
244	384	12
244	385	11
244	386	30
244	387	9
244	388	19
244	389	11
244	390	29
244	391	27
244	392	150
244	393	1
244	394	1
244	395	2
244	396	2
244	397	10
244	398	9
244	399	4
244	4	6
244	400	8
244	401	99
244	402	42
244	403	5
244	404	4
244	405	5
244	406	8
244	407	3
244	408	8
244	409	3
244	410	35
244	432	2
244	434	5
244	441	4
244	447	11
244	448	12
244	449	15
244	450	24
244	452	18
244	455	8
244	456	75
244	459	2
244	47	3
244	48	3
244	50	3
244	505	5
244	506	2
244	507	2
244	508	4
244	509	2
244	510	10
244	511	1
244	512	1
244	513	1
244	514	2
244	519	30
244	53	22
244	54	17
244	549	86
244	55	3
244	58	4
244	61	25
244	614	7
244	617	10
244	66	55
244	67	5
244	75	12
244	77	4
244	78	14
244	79	2
244	81	6
244	82	6
244	83	3
244	84	2
248	249	192
248	387	2
248	399	1
248	401	1
248	402	2
248	403	1
248	404	1
248	410	2
248	447	4
248	448	1
248	449	1
248	450	1
248	455	1
248	456	1
248	47	3
248	48	10
248	50	9
248	506	1
248	507	6
248	510	6
248	53	6
248	55	2
248	66	1
248	67	1
248	77	3
248	78	2
248	82	1
248	84	6
249	251	14
249	385	1
249	387	1
249	388	1
249	397	1
249	398	2
249	400	1
249	402	2
249	403	6
249	404	1
249	408	1
249	410	5
249	447	2
249	448	1
249	450	5
249	455	1
249	456	4
249	47	1
249	48	9
249	50	8
249	506	1
249	507	3
249	510	5
249	519	2
249	53	11
249	54	17
249	549	1
249	55	4
249	66	10
249	67	3
249	77	3
249	78	2
249	81	1
249	82	2
249	84	5
251	3	1
251	385	2
251	387	1
251	388	1
251	389	2
251	391	1
251	394	1
251	397	5
251	398	6
251	399	1
251	4	1
251	400	2
251	401	2
251	402	2
251	404	1
251	405	1
251	408	1
251	409	2
251	447	7
251	448	2
251	449	1
251	450	30
251	452	1
251	455	2
251	456	18
251	47	1
251	48	5
251	50	9
251	510	5
251	511	1
251	512	1
251	514	1
251	519	3
251	53	13
251	54	644
251	549	1
251	55	29
251	58	1
251	61	2
251	66	64
251	67	8
251	75	1
251	77	8
251	78	1
251	79	1
251	81	2
251	82	6
271	272	924
271	273	1282
271	274	31
271	385	1
271	386	1
271	387	1
271	389	1
271	397	1
271	398	1
271	400	1
271	401	1
271	407	4
271	441	1
271	448	1
271	449	1
271	455	1
271	456	1
271	505	6
271	506	4
271	507	2
271	508	11
271	509	2
271	510	30
271	511	10
271	512	253
271	513	184
271	514	111
271	549	1
271	614	1
271	75	25
272	273	535
272	274	11
272	401	1
272	407	2
272	441	1
272	455	2
272	505	6
272	506	2
272	507	2
272	508	13
272	509	1
272	510	17
272	511	17
272	512	289
272	513	342
272	514	412
272	75	13
273	274	8
273	397	1
273	400	1
273	401	1
273	406	1
273	407	3
273	408	1
273	448	1
273	455	1
273	505	4
273	506	3
273	507	1
273	508	8
273	509	1
273	510	14
273	511	4
273	512	127
273	513	50
273	514	17
273	519	1
273	75	53
274	48	1
274	512	1
274	513	1
274	514	1
3	384	2
3	385	15
3	386	1
3	387	1
3	388	54
3	389	5
3	391	3
3	392	55
3	393	2
3	396	1
3	397	1
3	398	1
3	399	2
3	4	317
3	400	1
3	401	3
3	402	5
3	403	1
3	404	2
3	405	1
3	406	3
3	407	1
3	408	3
3	409	2
3	410	2
3	432	1
3	434	1
3	441	1
3	447	5
3	448	12
3	449	60
3	450	9
3	452	60
3	455	3
3	456	3
3	47	2
3	48	2
3	50	4
3	505	1
3	506	1
3	507	1
3	509	1
3	510	4
3	511	1
3	512	1
3	513	1
3	519	10
3	53	2
3	54	3
3	549	124
3	55	1
3	58	1
3	61	105
3	614	5
3	617	19
3	66	9
3	67	1
3	75	3
3	77	2
3	78	4
3	79	1
3	82	3
384	385	47
384	386	43
384	387	8
384	388	16
384	389	11
384	390	2
384	391	19
384	392	28
384	393	4
384	396	4
384	397	14
384	398	24
384	399	6
384	4	1
384	400	9
384	401	9
384	402	7
384	403	1
384	404	1
384	405	4
384	406	2
384	408	5
384	409	2
384	410	3
384	432	1
384	434	2
384	441	2
384	447	18
384	448	8
384	449	3
384	450	11
384	452	1
384	455	4
384	456	5
384	509	1
384	510	1
384	512	1
384	514	1
384	519	2
384	53	2
384	54	1
384	549	7
384	55	1
384	58	3
384	61	3
384	614	8
384	617	3
384	66	2
384	67	1
384	75	2
384	77	1
384	78	1
384	81	16
384	82	5
384	83	1
384	84	1
385	386	133
385	387	68
385	388	102
385	389	89
385	390	5
385	391	144
385	392	109
385	393	18
385	394	2
385	396	105
385	397	120
385	398	135
385	399	41
385	4	7
385	400	217
385	401	197
385	402	36
385	403	1
385	404	1
385	405	4
385	406	1
385	407	1
385	408	4
385	409	13
385	410	6
385	432	2
385	434	1
385	441	2
385	447	35
385	448	4
385	449	3
385	450	10
385	452	3
385	455	13
385	456	5
385	459	6
385	47	1
385	48	1
385	50	2
385	505	1
385	509	1
385	510	7
385	511	1
385	512	1
385	514	5
385	519	13
385	53	4
385	54	10
385	549	20
385	55	1
385	553	1
385	58	1
385	61	12
385	614	4
385	617	1
385	66	3
385	67	11
385	75	5
385	77	8
385	78	29
385	79	3
385	81	6
385	82	4
385	83	2
385	84	12
386	387	41
386	388	1
386	389	94
386	390	25
386	391	104
386	392	4
386	393	7
386	395	1
386	396	14
386	397	148
386	398	210
386	399	34
386	4	1
386	400	64
386	401	148
386	402	94
386	403	1
386	404	2
386	405	5
386	406	3
386	407	4
386	408	5
386	409	10
386	410	24
386	432	4
386	434	9
386	441	8
386	447	38
386	448	9
386	449	2
386	450	30
386	452	1
386	455	15
386	456	7
386	459	9
386	47	1
386	505	1
386	506	1
386	508	2
386	510	17
386	511	1
386	512	3
386	514	18
386	519	1
386	53	7
386	54	3
386	549	2
386	58	1
386	61	1
386	614	2
386	66	14
386	67	1
386	75	4
386	77	1
386	78	4
386	79	1
386	81	3
386	82	2
386	83	1
386	84	7
387	388	4
387	389	64
387	391	65
387	392	3
387	393	9
387	394	1
387	396	16
387	397	34
387	398	46
387	399	483
387	400	17
387	401	31
387	402	115
387	403	5
387	404	5
387	405	12
387	406	10
387	407	2
387	408	13
387	409	22
387	410	4
387	432	1
387	434	4
387	441	3
387	447	27
387	448	2
387	449	2
387	450	42
387	452	1
387	455	7
387	456	16
387	459	4
387	47	9
387	48	2
387	50	3
387	505	1
387	506	1
387	507	1
387	508	1
387	509	1
387	510	37
387	511	4
387	512	3
387	513	1
387	514	11
387	519	1
387	53	9
387	54	4
387	549	3
387	55	2
387	58	5
387	61	1
387	614	2
387	617	1
387	641	1
387	66	2
387	67	2
387	75	3
387	77	6
387	78	9
387	79	2
387	81	1
387	82	4
387	83	1
387	84	23
388	389	43
388	391	5
388	392	275
388	393	2
388	394	2
388	395	1
388	396	14
388	397	1
388	398	1
388	399	7
388	4	6
388	400	2
388	401	7
388	402	5
388	403	1
388	404	1
388	405	2
388	406	1
388	408	2
388	410	1
388	441	1
388	447	2
388	448	5
388	449	3
388	450	2
388	452	4
388	455	2
388	456	1
388	47	10
388	48	6
388	50	7
388	505	1
388	506	1
388	507	1
388	510	4
388	512	1
388	514	1
388	519	2
388	53	1
388	54	1
388	549	20
388	55	1
388	61	74
388	614	1
388	617	1
388	66	3
388	67	3
388	75	4
388	77	3
388	78	4
388	79	2
388	81	1
388	82	2
388	83	1
389	390	55
389	391	293
389	392	31
389	393	63
389	394	8
389	395	2
389	396	308
389	397	44
389	398	50
389	399	15
389	4	5
389	400	18
389	401	27
389	402	71
389	403	1
389	404	1
389	405	2
389	406	5
389	407	1
389	408	2
389	409	9
389	410	7
389	432	273
389	434	82
389	441	175
389	447	14
389	448	6
389	449	2
389	450	18
389	452	2
389	455	42
389	456	3
389	459	18
389	47	1
389	48	3
389	50	3
389	506	1
389	508	2
389	510	20
389	511	1
389	512	3
389	513	1
389	514	19
389	519	1
389	53	4
389	54	3
389	549	6
389	55	1
389	58	1
389	61	5
389	614	19
389	617	7
389	641	1
389	66	2
389	67	2
389	75	9
389	77	2
389	78	4
389	79	1
389	81	13
389	82	5
389	83	1
389	84	2
390	391	6
390	392	1
390	393	1
390	396	3
390	397	1
390	398	1
390	401	1
390	402	4
390	406	1
390	432	28
390	434	4
390	441	8
390	447	5
390	452	1
390	456	2
390	514	1
390	54	1
390	549	1
390	614	2
390	617	5
390	81	9
391	392	50
391	393	31
391	394	6
391	395	2
391	396	138
391	397	356
391	398	490
391	399	47
391	4	2
391	400	45
391	401	201
391	402	195
391	403	11
391	404	17
391	405	7
391	406	7
391	407	5
391	408	9
391	409	20
391	410	15
391	432	17
391	434	41
391	441	40
391	447	36
391	448	6
391	449	3
391	450	18
391	452	2
391	455	57
391	456	12
391	459	7
391	47	10
391	48	2
391	50	3
391	505	1
391	506	1
391	508	2
391	510	11
391	511	2
391	512	2
391	513	1
391	514	11
391	519	3
391	53	7
391	54	3
391	549	3
391	55	1
391	58	2
391	61	2
391	614	4
391	617	2
391	66	2
391	67	1
391	75	8
391	77	3
391	78	4
391	79	2
391	81	2
391	82	4
391	83	1
391	84	2
392	393	4
392	394	1
392	395	1
392	396	9
392	397	3
392	398	5
392	399	2
392	4	13
392	400	3
392	401	59
392	402	15
392	403	4
392	404	6
392	405	5
392	406	6
392	407	2
392	408	7
392	409	2
392	410	12
392	432	2
392	434	2
392	441	3
392	447	27
392	448	22
392	449	24
392	450	14
392	452	37
392	455	27
392	456	5
392	459	1
392	47	1
392	48	1
392	50	1
392	505	2
392	506	1
392	508	4
392	509	2
392	510	12
392	512	2
392	514	3
392	519	30
392	53	2
392	54	7
392	549	49
392	61	11
392	614	5
392	617	11
392	66	5
392	67	1
392	75	9
392	77	2
392	78	2
392	81	1
392	82	3
392	83	2
393	394	239
393	395	61
393	396	110
393	397	10
393	398	6
393	399	37
393	400	3
393	401	6
393	402	18
393	403	7
393	404	2
393	405	1
393	406	1
393	407	1
393	408	2
393	409	2
393	432	29
393	434	7
393	441	18
393	447	12
393	448	2
393	449	2
393	450	2
393	452	1
393	455	83
393	456	3
393	47	1
393	48	1
393	50	2
393	506	1
393	508	1
393	510	1
393	512	1
393	514	3
393	519	3
393	53	2
393	54	1
393	549	65
393	58	1
393	61	4
393	614	4
393	617	2
393	66	1
393	67	9
393	75	84
393	77	1
393	82	1
393	84	2
394	395	338
394	396	86
394	397	8
394	398	4
394	399	7
394	400	3
394	401	9
394	402	16
394	403	3
394	404	3
394	405	2
394	406	6
394	407	1
394	408	6
394	409	2
394	410	1
394	432	115
394	434	7
394	441	71
394	447	11
394	448	7
394	449	3
394	450	2
394	452	1
394	455	185
394	456	12
394	47	2
394	48	1
394	50	3
394	505	1
394	506	1
394	510	1
394	511	2
394	512	1
394	514	1
394	519	2
394	53	11
394	54	2
394	549	91
394	55	1
394	58	3
394	61	10
394	614	35
394	617	4
394	66	5
394	67	39
394	75	132
394	77	1
394	81	1
394	82	3
394	83	1
395	396	103
395	397	4
395	398	2
395	399	3
395	400	1
395	401	7
395	402	12
395	403	2
395	404	2
395	405	1
395	406	3
395	407	1
395	408	3
395	409	1
395	410	1
395	432	8
395	441	5
395	447	11
395	448	1
395	449	3
395	450	1
395	452	1
395	455	24
395	456	1
395	48	1
395	50	1
395	506	1
395	519	2
395	53	3
395	54	1
395	549	17
395	55	1
395	61	4
395	614	3
395	617	2
395	66	5
395	67	8
395	75	14
395	77	1
395	82	1
396	397	18
396	398	12
396	399	51
396	4	1
396	400	10
396	401	31
396	402	29
396	403	2
396	404	7
396	405	2
396	406	1
396	407	1
396	408	2
396	409	3
396	410	2
396	432	21
396	434	2
396	441	11
396	447	6
396	448	2
396	449	3
396	450	1
396	452	1
396	455	160
396	456	3
396	48	1
396	50	1
396	505	1
396	510	1
396	512	1
396	514	2
396	519	3
396	53	2
396	54	1
396	549	7
396	55	1
396	58	1
396	61	12
396	614	3
396	617	1
396	66	1
396	67	6
396	75	10
396	77	1
396	78	1
396	81	1
396	82	1
397	398	1286
397	399	281
397	4	2
397	400	1158
397	401	407
397	402	390
397	403	12
397	404	18
397	405	44
397	406	12
397	407	13
397	408	49
397	409	190
397	410	16
397	432	1
397	434	13
397	441	12
397	447	758
397	448	6
397	449	7
397	450	21
397	452	1
397	455	51
397	456	45
397	459	60
397	47	6
397	48	3
397	50	2
397	505	2
397	506	4
397	507	1
397	508	2
397	509	1
397	510	22
397	511	10
397	512	2
397	513	1
397	514	19
397	519	3
397	53	165
397	54	15
397	549	4
397	55	3
397	58	19
397	61	5
397	614	2
397	617	1
397	66	23
397	67	5
397	75	67
397	77	5
397	78	7
397	79	9
397	81	7
397	82	20
397	83	2
397	84	4
398	399	256
398	4	1
398	400	812
398	401	419
398	402	262
398	403	6
398	404	9
398	405	32
398	406	5
398	407	10
398	408	28
398	409	132
398	410	26
398	434	14
398	441	12
398	447	462
398	448	8
398	449	11
398	450	21
398	452	1
398	455	41
398	456	22
398	459	49
398	47	5
398	48	2
398	50	2
398	505	1
398	506	1
398	507	1
398	508	1
398	509	1
398	510	35
398	511	7
398	512	2
398	513	1
398	514	33
398	519	1
398	53	49
398	54	14
398	549	1
398	55	2
398	58	9
398	61	4
398	614	1
398	66	5
398	67	2
398	75	37
398	77	6
398	78	6
398	79	8
398	81	2
398	82	12
398	83	2
398	84	4
399	4	2
399	400	172
399	401	115
399	402	91
399	403	4
399	404	8
399	405	13
399	406	8
399	407	4
399	408	15
399	409	79
399	410	25
399	434	5
399	441	5
399	447	128
399	448	2
399	449	1
399	450	4
399	455	25
399	456	32
399	459	8
399	47	1
399	48	2
399	50	2
399	508	1
399	510	6
399	511	3
399	512	1
399	514	5
399	53	12
399	54	9
399	549	2
399	55	1
399	58	6
399	61	6
399	614	1
399	66	1
399	67	1
399	75	15
399	77	1
399	78	2
399	79	2
399	81	2
399	82	2
399	84	2
4	400	1
4	401	2
4	402	6
4	403	1
4	404	1
4	406	1
4	408	1
4	409	1
4	441	1
4	447	1
4	448	4
4	449	3
4	450	1
4	452	5
4	455	1
4	511	2
4	519	13
4	53	1
4	549	4
4	61	1
4	75	1
400	401	168
400	402	95
400	403	5
400	404	6
400	405	17
400	406	5
400	407	4
400	408	20
400	409	90
400	410	16
400	434	2
400	441	2
400	447	962
400	448	3
400	449	2
400	450	6
400	452	1
400	455	11
400	456	12
400	459	11
400	47	3
400	48	2
400	50	2
400	508	1
400	510	7
400	511	2
400	512	1
400	514	5
400	519	1
400	53	50
400	54	5
400	549	1
400	55	1
400	58	12
400	61	8
400	614	1
400	66	6
400	67	3
400	75	7
400	77	4
400	78	9
400	79	12
400	81	2
400	82	4
400	83	1
400	84	3
401	402	186
401	403	7
401	404	10
401	405	9
401	406	5
401	407	7
401	408	10
401	409	53
401	410	135
401	432	1
401	434	12
401	441	9
401	447	119
401	448	10
401	449	6
401	450	8
401	452	2
401	455	55
401	456	44
401	459	10
401	47	11
401	48	4
401	50	9
401	505	2
401	506	2
401	507	2
401	508	1
401	509	1
401	510	8
401	511	3
401	512	3
401	513	2
401	514	10
401	519	1
401	53	34
401	54	20
401	549	7
401	55	3
401	58	263
401	61	12
401	614	2
401	617	4
401	66	7
401	67	5
401	75	29
401	77	6
401	78	4
401	79	4
401	81	3
401	82	6
401	83	2
401	84	6
402	403	13
402	404	28
402	405	27
402	406	16
402	407	28
402	408	36
402	409	105
402	410	34
402	432	10
402	434	57
402	441	53
402	447	97
402	448	16
402	449	8
402	450	42
402	452	4
402	455	25
402	456	48
402	459	32
402	47	148
402	48	18
402	50	32
402	505	4
402	506	3
402	507	2
402	508	3
402	509	1
402	510	51
402	511	13
402	512	3
402	514	35
402	519	5
402	53	76
402	54	50
402	549	15
402	55	43
402	58	54
402	61	17
402	614	6
402	617	9
402	641	1
402	66	35
402	67	30
402	75	18
402	77	39
402	78	20
402	79	3
402	81	72
402	82	40
402	83	12
402	84	20
403	404	1007
403	405	133
403	406	140
403	407	138
403	408	182
403	409	86
403	410	7
403	432	1
403	441	1
403	447	50
403	448	10
403	449	21
403	450	9
403	452	10
403	455	11
403	456	25
403	459	1
403	47	4
403	48	58
403	50	23
403	505	22
403	506	2
403	507	14
403	508	1
403	509	2
403	510	13
403	511	1
403	512	3
403	513	1
403	514	2
403	519	11
403	53	59
403	54	5
403	549	5
403	55	3
403	58	4
403	61	5
403	614	34
403	617	3
403	641	2
403	66	12
403	67	2
403	75	9
403	77	3
403	78	15
403	81	1
403	82	4
403	83	1
403	84	1
404	405	260
404	406	174
404	407	112
404	408	280
404	409	183
404	410	12
404	432	1
404	434	1
404	441	1
404	447	39
404	448	8
404	449	7
404	450	15
404	452	3
404	455	6
404	456	26
404	459	3
404	47	2
404	48	44
404	50	15
404	505	4
404	506	1
404	507	9
404	508	2
404	509	2
404	510	11
404	511	1
404	512	2
404	513	1
404	514	3
404	519	4
404	53	41
404	54	5
404	549	2
404	55	3
404	58	6
404	61	6
404	614	43
404	617	2
404	66	9
404	67	2
404	75	7
404	77	2
404	78	4
404	82	3
404	84	3
405	406	834
405	407	55
405	408	1467
405	409	292
405	410	12
405	434	1
405	441	1
405	447	32
405	448	21
405	449	12
405	450	18
405	452	4
405	455	7
405	456	386
405	459	3
405	47	2
405	48	18
405	50	5
405	505	1
405	506	1
405	507	2
405	508	2
405	509	1
405	510	4
405	511	10
405	512	3
405	514	1
405	519	3
405	53	52
405	54	8
405	549	3
405	55	8
405	58	30
405	61	4
405	614	4
405	617	3
405	66	6
405	67	1
405	75	8
405	77	2
405	78	2
405	79	1
405	81	1
405	82	4
405	83	2
405	84	2
406	407	65
406	408	1404
406	409	213
406	410	6
406	434	1
406	441	1
406	447	14
406	448	16
406	449	32
406	450	48
406	452	20
406	455	3
406	456	357
406	459	1
406	47	1
406	48	9
406	50	3
406	505	5
406	506	1
406	507	1
406	508	2
406	509	2
406	510	5
406	511	4
406	512	2
406	513	1
406	514	1
406	519	71
406	53	32
406	54	6
406	549	17
406	55	1
406	58	24
406	61	5
406	614	21
406	617	32
406	641	1
406	66	8
406	67	2
406	75	30
406	77	4
406	78	1
406	79	1
406	81	1
406	82	5
406	83	4
406	84	1
407	408	101
407	409	61
407	410	2
407	447	9
407	448	1
407	449	2
407	450	1
407	452	1
407	455	2
407	456	5
407	459	1
407	47	12
407	48	37
407	50	8
407	505	22
407	506	1
407	507	82
407	509	3
407	510	38
407	511	5
407	512	5
407	513	2
407	514	16
407	519	4
407	53	48
407	54	6
407	549	1
407	55	1
407	58	1
407	61	1
407	614	1
407	641	1
407	66	2
407	67	1
407	75	9
407	77	1
407	78	1
407	82	1
407	83	1
408	409	335
408	410	13
408	434	1
408	441	1
408	447	32
408	448	23
408	449	35
408	450	45
408	452	19
408	455	7
408	456	72
408	459	3
408	47	2
408	48	12
408	50	3
408	505	4
408	506	1
408	507	3
408	508	2
408	509	1
408	510	6
408	511	10
408	512	3
408	513	1
408	514	2
408	519	57
408	53	59
408	54	9
408	549	14
408	55	4
408	58	35
408	61	4
408	614	16
408	617	26
408	641	1
408	66	10
408	67	2
408	75	27
408	77	4
408	78	2
408	79	1
408	81	1
408	82	5
408	83	3
408	84	3
409	410	10
409	434	2
409	441	2
409	447	51
409	448	5
409	449	12
409	450	7
409	452	5
409	455	9
409	456	14
409	459	8
409	47	3
409	48	4
409	50	3
409	505	1
409	506	1
409	507	1
409	508	1
409	509	1
409	510	27
409	511	4
409	512	1
409	514	12
409	519	2
409	53	57
409	54	8
409	549	13
409	55	4
409	58	315
409	61	3
409	614	10
409	617	17
409	66	4
409	67	1
409	75	39
409	77	3
409	78	3
409	79	1
409	81	1
409	82	4
409	83	2
409	84	2
410	434	2
410	441	1
410	447	27
410	448	8
410	449	3
410	450	2
410	452	1
410	455	6
410	456	30
410	459	1
410	47	10
410	48	13
410	50	32
410	505	3
410	506	2
410	507	2
410	510	3
410	511	1
410	512	1
410	514	1
410	519	1
410	53	26
410	54	15
410	549	1
410	55	9
410	58	4
410	61	1
410	66	10
410	67	5
410	75	14
410	77	9
410	78	4
410	79	1
410	81	3
410	82	2
410	84	4
432	434	413
432	441	1067
432	447	1
432	448	31
432	449	7
432	450	6
432	452	24
432	455	6
432	456	1
432	50	3
432	508	2
432	512	1
432	513	5
432	514	1
432	54	1
432	549	5
432	55	1
432	61	2
432	614	199
432	617	44
432	66	1
432	67	2
432	75	5
432	77	1
432	78	1
432	81	2
432	82	2
434	441	1755
434	447	6
434	448	57
434	449	12
434	450	9
434	452	46
434	455	9
434	456	3
434	459	1
434	47	1
434	50	1
434	508	4
434	509	1
434	510	1
434	511	1
434	512	3
434	513	3
434	514	1
434	519	1
434	53	1
434	54	1
434	549	6
434	61	1
434	614	295
434	617	239
434	66	1
434	67	1
434	75	2
434	77	2
434	78	1
434	81	1
434	82	7
434	83	1
441	447	7
441	448	80
441	449	16
441	450	12
441	452	45
441	455	11
441	456	3
441	459	1
441	47	1
441	50	2
441	506	1
441	508	4
441	509	1
441	510	2
441	511	1
441	512	4
441	513	4
441	514	1
441	519	1
441	53	1
441	54	1
441	549	9
441	55	1
441	61	2
441	614	324
441	617	224
441	66	1
441	67	2
441	75	4
441	77	2
441	78	1
441	81	2
441	82	7
441	83	1
447	448	73
447	449	47
447	450	48
447	452	8
447	455	150
447	456	134
447	459	25
447	47	21
447	48	15
447	50	20
447	505	8
447	506	8
447	507	13
447	508	5
447	509	13
447	510	16
447	511	3
447	512	8
447	513	2
447	514	5
447	519	4
447	53	172
447	54	26
447	549	2
447	55	8
447	58	47
447	61	7
447	614	7
447	617	1
447	641	1
447	66	22
447	67	12
447	75	14
447	77	17
447	78	13
447	79	16
447	81	2
447	82	18
447	83	1
447	84	5
448	449	198
448	450	163
448	452	138
448	455	40
448	456	85
448	47	7
448	48	4
448	50	4
448	505	3
448	506	2
448	507	3
448	508	1
448	509	1
448	510	5
448	511	1
448	512	3
448	513	1
448	514	1
448	519	6
448	53	25
448	54	13
448	549	6
448	55	9
448	58	4
448	61	4
448	614	263
448	617	27
448	66	7
448	67	4
448	75	4
448	77	7
448	78	11
448	79	2
448	81	2
448	82	11
448	83	2
448	84	1
449	450	128
449	452	436
449	455	26
449	456	11
449	47	2
449	48	1
449	50	2
449	505	3
449	506	1
449	507	1
449	508	2
449	509	1
449	510	7
449	511	1
449	512	2
449	513	1
449	514	1
449	519	4
449	53	4
449	54	3
449	549	7
449	55	1
449	58	5
449	61	5
449	614	67
449	617	17
449	66	11
449	67	6
449	75	5
449	77	11
449	78	7
449	79	1
449	81	3
449	82	4
449	83	2
449	84	1
450	452	52
450	455	28
450	456	39
450	459	4
450	47	4
450	48	6
450	50	7
450	505	7
450	506	5
450	507	8
450	508	9
450	509	3
450	510	30
450	511	1
450	512	4
450	513	1
450	514	6
450	519	8
450	53	15
450	54	69
450	549	16
450	55	3
450	58	2
450	61	3
450	614	62
450	617	14
450	66	17
450	67	9
450	75	6
450	77	28
450	78	15
450	79	1
450	81	3
450	82	6
450	83	2
450	84	1
452	455	4
452	456	5
452	47	3
452	48	1
452	505	2
452	506	1
452	508	1
452	510	1
452	512	1
452	513	1
452	519	7
452	53	3
452	54	8
452	549	11
452	58	1
452	61	3
452	614	117
452	617	24
452	66	20
452	67	4
452	75	11
452	77	4
452	78	2
452	81	1
452	82	4
452	83	1
455	456	26
455	459	3
455	47	4
455	48	8
455	50	13
455	505	5
455	506	4
455	507	3
455	508	3
455	509	2
455	510	7
455	511	1
455	512	12
455	513	3
455	514	7
455	519	3
455	53	22
455	54	7
455	549	14
455	55	1
455	58	6
455	61	14
455	614	7
455	617	4
455	66	8
455	67	30
455	75	77
455	77	8
455	78	4
455	79	3
455	81	1
455	82	4
455	83	1
455	84	1
456	459	10
456	47	44
456	48	55
456	50	73
456	505	49
456	506	20
456	507	62
456	508	2
456	509	44
456	510	7
456	511	11
456	512	3
456	513	1
456	514	1
456	519	9
456	53	320
456	54	66
456	549	9
456	55	12
456	58	38
456	61	7
456	614	7
456	617	3
456	66	112
456	67	123
456	75	9
456	77	13
456	78	7
456	79	15
456	81	4
456	82	15
456	83	9
456	84	5
459	48	1
459	510	4
459	511	1
459	514	2
459	53	20
459	54	8
459	58	1
459	66	1
459	75	1
459	77	2
459	78	1
459	79	2
459	82	27
47	48	37
47	50	83
47	505	7
47	506	15
47	507	9
47	509	2
47	510	22
47	511	2
47	512	10
47	519	2
47	53	25
47	54	59
47	549	1
47	55	14
47	58	12
47	61	2
47	614	1
47	641	21
47	66	25
47	67	109
47	75	2
47	77	37
47	78	53
47	79	6
47	81	5
47	82	7
47	83	2
47	84	3
48	50	732
48	505	7
48	506	6
48	507	41
48	508	1
48	509	3
48	510	20
48	511	2
48	512	6
48	514	3
48	519	10
48	53	61
48	54	48
48	549	2
48	55	44
48	58	5
48	61	6
48	614	8
48	641	4
48	66	13
48	67	12
48	75	4
48	77	27
48	78	21
48	79	4
48	81	2
48	82	22
48	83	2
48	84	1
50	505	16
50	506	32
50	507	138
50	508	1
50	509	7
50	510	49
50	511	3
50	512	15
50	514	5
50	519	19
50	53	29
50	54	84
50	549	3
50	55	86
50	58	9
50	61	6
50	614	10
50	617	1
50	641	2
50	66	16
50	67	18
50	75	10
50	77	110
50	78	60
50	79	6
50	81	4
50	82	24
50	83	8
50	84	8
505	506	356
505	507	998
505	508	166
505	509	400
505	510	82
505	511	220
505	512	149
505	513	84
505	514	61
505	519	2
505	53	16
505	54	4
505	549	8
505	55	1
505	58	1
505	61	4
505	614	2
505	617	2
505	641	95
505	66	2
505	67	2
505	75	27
505	77	6
505	78	2
505	79	5
505	81	8
505	82	20
505	83	21
505	84	7
506	507	226
506	508	67
506	509	210
506	510	78
506	511	37
506	512	140
506	513	25
506	514	12
506	519	1
506	53	2
506	54	1
506	549	4
506	58	1
506	61	1
506	614	3
506	617	1
506	641	110
506	66	1
506	67	2
506	75	10
506	77	25
506	78	3
506	79	3
506	81	8
506	82	43
506	83	8
506	84	26
507	508	52
507	509	678
507	510	106
507	511	72
507	512	81
507	513	17
507	514	11
507	519	2
507	53	13
507	54	5
507	549	2
507	55	2
507	58	1
507	61	1
507	614	1
507	641	148
507	66	2
507	67	2
507	75	2
507	77	9
507	78	6
507	79	7
507	81	1
507	82	5
507	83	4
507	84	3
508	509	74
508	510	74
508	511	48
508	512	294
508	513	184
508	514	47
508	549	5
508	61	1
508	614	3
508	617	1
508	641	13
508	66	1
508	75	11
508	77	1
508	78	1
508	81	8
508	82	17
508	83	8
508	84	1
509	510	112
509	511	123
509	512	134
509	513	83
509	514	9
509	519	2
509	53	1
509	54	1
509	549	29
509	58	1
509	61	5
509	614	3
509	617	1
509	641	24
509	66	1
509	67	1
509	75	2
509	77	8
509	78	2
509	79	3
509	81	9
509	82	22
509	83	26
509	84	6
510	511	96
510	512	237
510	513	104
510	514	245
510	519	2
510	53	3
510	54	9
510	549	30
510	55	3
510	58	2
510	61	12
510	614	2
510	617	1
510	641	599
510	66	4
510	67	4
510	75	23
510	77	20
510	78	4
510	79	2
510	81	4
510	82	10
510	83	6
510	84	2
511	512	61
511	513	14
511	514	9
511	519	2
511	53	5
511	54	1
511	549	3
511	58	1
511	61	1
511	614	1
511	617	1
511	641	8
511	66	1
511	67	1
511	75	5
511	77	21
511	78	2
511	79	15
511	81	16
511	82	33
511	83	33
511	84	5
512	513	742
512	514	418
512	519	2
512	53	1
512	54	1
512	549	16
512	61	4
512	614	3
512	617	1
512	641	142
512	66	1
512	67	2
512	75	22
512	77	12
512	78	2
512	79	3
512	81	1
512	82	16
512	83	2
512	84	2
513	514	538
513	519	2
513	549	17
513	61	11
513	614	5
513	617	1
513	641	17
513	75	11
513	77	1
513	78	1
513	82	3
513	83	1
514	519	2
514	53	1
514	54	3
514	549	11
514	58	1
514	61	9
514	614	1
514	641	5
514	66	2
514	67	6
514	75	31
514	77	2
514	78	1
514	81	1
514	82	2
514	83	1
514	84	1
519	53	16
519	54	61
519	549	29
519	55	6
519	61	12
519	614	4
519	617	6
519	641	1
519	66	258
519	67	42
519	75	5
519	77	88
519	78	77
519	79	1
519	81	7
519	82	15
519	83	21
519	84	9
53	54	134
53	549	5
53	55	33
53	58	27
53	61	11
53	614	2
53	617	2
53	66	84
53	67	17
53	75	7
53	77	22
53	78	9
53	79	25
53	81	3
53	82	15
53	83	3
53	84	6
54	549	10
54	55	296
54	58	6
54	61	3
54	614	3
54	617	3
54	66	546
54	67	136
54	75	5
54	77	22
54	78	5
54	79	4
54	81	13
54	82	17
54	83	6
54	84	3
549	55	1
549	553	7
549	58	1
549	61	1165
549	614	13
549	617	44
549	641	2
549	66	26
549	67	17
549	75	35
549	77	10
549	78	15
549	79	7
549	81	4
549	82	47
549	83	16
549	84	3
55	58	2
55	61	2
55	614	2
55	617	9
55	66	93
55	67	30
55	75	1
55	77	14
55	78	5
55	79	1
55	81	78
55	82	55
55	83	1
55	84	2
553	67	1
553	75	8
553	81	12
58	61	3
58	614	2
58	617	4
58	66	4
58	67	2
58	75	7
58	77	3
58	78	2
58	79	1
58	81	1
58	82	4
58	83	4
58	84	2
61	614	7
61	617	10
61	641	2
61	66	4
61	67	8
61	75	6
61	77	4
61	78	3
61	79	37
61	81	1
61	82	21
61	83	5
614	617	350
614	66	6
614	67	14
614	75	6
614	77	5
614	78	5
614	81	11
614	82	13
614	83	3
614	84	3
617	66	29
617	67	6
617	75	16
617	77	3
617	78	9
617	79	1
617	81	4
617	82	12
617	83	3
617	84	1
641	67	1
641	77	1
641	82	1
641	83	1
66	67	276
66	75	5
66	77	17
66	78	45
66	79	3
66	81	8
66	82	7
66	83	3
66	84	4
67	75	5
67	77	88
67	78	17
67	79	2
67	81	7
67	82	8
67	83	6
67	84	6
75	77	2
75	78	3
75	79	1
75	81	2
75	82	4
75	83	4
75	84	1
77	78	101
77	79	40
77	81	48
77	82	53
77	83	45
77	84	48
78	79	7
78	81	33
78	82	19
78	83	15
78	84	21
79	81	2
79	82	8
79	83	5
79	84	3
81	82	289
81	83	510
81	84	38
82	83	1206
82	84	36
83	84	24
