114	139	2
114	154	1
114	155	2
114	156	1
114	157	2
114	158	2
114	164	3
114	182	1
114	185	1
114	240	1
114	285	1
114	286	1
114	288	1
114	289	1
114	290	3
114	293	1
114	297	4
114	34	1
114	346	1
114	347	2
114	35	3
114	350	61
114	352	2
114	354	9
114	355	1
114	356	2
114	357	15
114	358	4
114	359	3
114	36	2
114	360	1
114	364	1
114	365	2
114	368	1
114	371	2
114	372	1
114	373	1
114	375	174
114	376	9
114	381	1
114	40	1
114	44	1
114	45	406
114	451	188
114	46	1
114	49	1
114	596	1
114	65	2
114	70	3
114	71	1
114	74	2
114	98	1
114	99	1
139	154	13
139	155	135
139	156	38
139	157	100
139	158	116
139	161	9
139	164	146
139	166	3
139	167	4
139	168	2
139	169	31
139	170	79
139	171	11
139	172	6
139	173	21
139	174	15
139	175	7
139	176	14
139	177	86
139	178	11
139	180	12
139	181	7
139	182	2
139	183	23
139	184	6
139	185	79
139	187	5
139	236	30
139	240	125
139	285	9
139	286	8
139	288	21
139	289	11
139	290	36
139	291	1
139	292	1
139	293	8
139	297	27
139	311	23
139	326	98
139	327	3
139	33	20
139	34	2
139	346	25
139	347	21
139	35	29
139	350	10
139	351	1
139	352	19
139	353	1
139	354	25
139	355	4
139	356	11
139	357	1072
139	358	1
139	359	2
139	36	6
139	360	147
139	361	10
139	362	25
139	363	11
139	364	16
139	365	89
139	366	5
139	367	2
139	368	75
139	369	12
139	370	1
139	371	21
139	372	23
139	373	12
139	374	8
139	375	6
139	376	780
139	38	57
139	380	39
139	381	13
139	382	43
139	39	4
139	40	4
139	41	3
139	42	1
139	43	7
139	44	80
139	45	3
139	451	4
139	46	4
139	49	18
139	496	14
139	534	1
139	537	4
139	538	7
139	539	7
139	540	9
139	559	1
139	596	22
139	60	75
139	642	11
139	65	184
139	68	22
139	70	60
139	71	123
139	74	24
139	97	25
139	98	29
139	99	36
154	155	671
154	156	86
154	157	1037
154	158	773
154	161	7
154	164	460
154	167	1
154	168	2
154	169	5
154	171	3
154	172	1
154	173	1
154	174	13
154	175	5
154	176	2
154	178	1
154	180	1
154	182	2
154	183	2
154	184	1
154	185	9
154	187	13
154	236	8
154	240	10
154	284	35
154	285	60
154	286	409
154	288	718
154	289	554
154	290	425
154	291	11
154	292	24
154	293	297
154	297	47
154	311	13
154	326	1
154	327	8
154	33	3
154	34	1
154	346	41
154	347	63
154	35	10
154	350	31
154	351	2
154	352	29
154	353	1
154	354	54
154	355	6
154	356	17
154	357	18
154	358	1
154	359	1
154	36	1
154	360	68
154	361	3
154	362	15
154	363	1
154	364	30
154	365	13
154	366	10
154	367	10
154	368	8
154	369	1
154	370	15
154	371	37
154	372	95
154	373	13
154	374	16
154	375	17
154	376	42
154	38	2
154	380	8
154	381	4
154	382	31
154	39	3
154	40	3
154	41	12
154	42	1
154	43	6
154	44	6
154	45	1
154	451	8
154	46	1
154	49	10
154	496	83
154	534	4
154	537	7
154	538	2
154	539	4
154	540	14
154	559	7
154	596	34
154	60	6
154	642	2
154	65	42
154	68	378
154	70	102
154	71	73
154	74	3
154	97	89
154	98	154
154	99	112
155	156	760
155	157	1496
155	158	1439
155	161	49
155	164	818
155	166	1
155	167	17
155	168	8
155	169	33
155	170	6
155	171	32
155	172	9
155	173	3
155	174	115
155	175	29
155	176	13
155	177	4
155	178	8
155	180	11
155	181	7
155	182	16
155	183	10
155	184	11
155	185	98
155	187	27
155	236	78
155	240	65
155	250	10
155	284	24
155	285	179
155	286	309
155	288	582
155	289	361
155	290	548
155	291	25
155	292	33
155	293	202
155	297	204
155	311	30
155	326	10
155	327	13
155	33	40
155	34	17
155	346	147
155	347	159
155	35	111
155	350	55
155	351	9
155	352	51
155	353	5
155	354	106
155	355	15
155	356	72
155	357	79
155	358	14
155	359	13
155	36	26
155	360	261
155	361	15
155	362	21
155	363	15
155	364	55
155	365	81
155	366	10
155	367	4
155	368	64
155	369	30
155	370	9
155	371	92
155	372	151
155	373	47
155	374	59
155	375	34
155	376	128
155	38	48
155	380	62
155	381	23
155	382	82
155	39	33
155	40	26
155	41	99
155	42	25
155	43	58
155	44	243
155	45	14
155	451	30
155	46	46
155	49	45
155	496	85
155	534	59
155	537	35
155	538	7
155	539	120
155	540	29
155	552	1
155	559	4
155	573	1
155	596	90
155	60	40
155	642	15
155	65	239
155	68	180
155	70	279
155	71	143
155	74	28
155	97	149
155	98	312
155	99	233
156	157	706
156	158	871
156	161	18
156	164	338
156	166	1
156	167	7
156	168	5
156	169	17
156	170	2
156	171	8
156	172	3
156	173	1
156	174	43
156	175	11
156	176	5
156	178	1
156	180	1
156	182	4
156	183	3
156	184	11
156	185	34
156	187	6
156	236	11
156	240	16
156	250	2
156	284	25
156	285	151
156	286	168
156	288	128
156	289	110
156	290	267
156	291	28
156	292	15
156	293	100
156	297	56
156	311	9
156	326	3
156	327	5
156	33	10
156	34	4
156	346	28
156	347	24
156	35	55
156	350	17
156	351	1
156	352	6
156	353	1
156	354	40
156	355	6
156	356	50
156	357	40
156	358	2
156	359	3
156	36	9
156	360	42
156	361	5
156	362	10
156	363	3
156	364	11
156	365	21
156	366	2
156	367	2
156	368	15
156	369	7
156	370	1
156	371	19
156	372	41
156	373	33
156	374	13
156	375	32
156	376	69
156	38	6
156	380	26
156	381	10
156	382	21
156	39	63
156	40	9
156	41	427
156	42	73
156	43	190
156	44	53
156	45	5
156	451	54
156	46	5
156	49	8
156	496	25
156	534	348
156	537	35
156	538	3
156	539	53
156	540	8
156	552	1
156	596	21
156	60	14
156	642	4
156	65	88
156	68	54
156	70	115
156	71	37
156	74	6
156	97	25
156	98	54
156	99	114
157	158	1530
157	161	52
157	164	960
157	166	1
157	167	8
157	168	4
157	169	21
157	170	3
157	171	23
157	172	4
157	173	2
157	174	74
157	175	22
157	176	7
157	177	2
157	178	3
157	180	4
157	181	2
157	182	8
157	183	6
157	184	10
157	185	47
157	187	21
157	236	42
157	240	31
157	250	6
157	284	27
157	285	207
157	286	382
157	288	845
157	289	491
157	290	679
157	291	26
157	292	35
157	293	243
157	297	196
157	311	30
157	326	7
157	327	16
157	33	34
157	34	15
157	346	132
157	347	194
157	35	114
157	350	63
157	351	3
157	352	54
157	353	3
157	354	101
157	355	14
157	356	58
157	357	78
157	358	5
157	359	7
157	36	17
157	360	253
157	361	11
157	362	22
157	363	13
157	364	57
157	365	77
157	366	11
157	367	8
157	368	52
157	369	13
157	370	14
157	371	96
157	372	173
157	373	51
157	374	74
157	375	32
157	376	117
157	38	37
157	380	53
157	381	17
157	382	87
157	39	24
157	40	21
157	41	56
157	42	9
157	43	32
157	44	110
157	45	8
157	451	29
157	46	14
157	49	24
157	496	60
157	534	56
157	537	34
157	538	5
157	539	42
157	540	22
157	552	1
157	559	5
157	573	1
157	596	91
157	60	33
157	642	14
157	65	206
157	68	246
157	70	256
157	71	153
157	74	24
157	97	145
157	98	383
157	99	190
158	161	51
158	164	764
158	167	8
158	168	7
158	169	26
158	170	4
158	171	18
158	172	5
158	173	2
158	174	52
158	175	20
158	176	10
158	177	3
158	178	4
158	180	14
158	181	2
158	182	12
158	183	9
158	184	8
158	185	38
158	187	22
158	236	78
158	240	46
158	250	10
158	284	24
158	285	126
158	286	343
158	288	576
158	289	377
158	290	599
158	291	16
158	292	18
158	293	232
158	297	118
158	311	25
158	326	6
158	327	7
158	33	35
158	34	23
158	346	79
158	347	91
158	35	97
158	350	40
158	351	2
158	352	27
158	353	2
158	354	86
158	355	12
158	356	62
158	357	93
158	358	13
158	359	16
158	36	23
158	360	170
158	361	12
158	362	19
158	363	10
158	364	33
158	365	61
158	366	12
158	367	7
158	368	54
158	369	24
158	370	10
158	371	60
158	372	128
158	373	30
158	374	22
158	375	25
158	376	119
158	38	39
158	380	49
158	381	16
158	382	63
158	39	37
158	40	28
158	41	119
158	42	22
158	43	60
158	44	313
158	45	13
158	451	29
158	46	62
158	49	48
158	496	74
158	534	71
158	537	22
158	538	5
158	539	32
158	540	20
158	552	2
158	559	3
158	573	1
158	596	63
158	60	32
158	642	9
158	65	265
158	68	267
158	70	320
158	71	211
158	74	45
158	97	176
158	98	382
158	99	202
161	164	21
161	167	3
161	169	3
161	170	1
161	171	1
161	174	1
161	175	5
161	176	1
161	178	1
161	182	1
161	185	3
161	187	8
161	236	8
161	240	57
161	285	1
161	286	1
161	288	4
161	289	2
161	290	4
161	293	2
161	297	7
161	311	1
161	33	1
161	346	1
161	347	1
161	35	1
161	350	1
161	354	1
161	356	14
161	357	1
161	358	3
161	360	4
161	363	1
161	364	5
161	365	3
161	368	15
161	369	1
161	371	2
161	372	2
161	373	1
161	374	1
161	376	2
161	380	3
161	381	1
161	382	8
161	451	1
161	49	2
161	496	1
161	537	2
161	538	1
161	596	1
161	60	40
161	65	2
161	68	3
161	70	1
161	71	1
161	97	3
161	98	37
161	99	4
164	166	1
164	167	14
164	168	3
164	169	45
164	170	12
164	171	20
164	172	3
164	173	9
164	174	179
164	175	47
164	176	21
164	177	2
164	178	3
164	180	9
164	181	9
164	182	10
164	183	15
164	184	36
164	185	41
164	187	24
164	236	62
164	240	69
164	250	3
164	284	20
164	285	289
164	286	321
164	288	759
164	289	436
164	290	592
164	291	54
164	292	66
164	293	263
164	297	487
164	311	66
164	326	13
164	327	32
164	33	107
164	34	11
164	346	263
164	347	355
164	35	262
164	350	78
164	351	12
164	352	108
164	353	2
164	354	157
164	355	7
164	356	98
164	357	26
164	358	11
164	359	4
164	36	37
164	360	748
164	361	19
164	362	49
164	363	38
164	364	135
164	365	130
164	366	9
164	367	8
164	368	59
164	369	17
164	370	19
164	371	261
164	372	425
164	373	125
164	374	162
164	375	21
164	376	140
164	38	107
164	380	148
164	381	30
164	382	277
164	39	85
164	40	30
164	41	138
164	42	24
164	43	59
164	44	162
164	45	9
164	451	18
164	46	7
164	49	38
164	496	39
164	534	19
164	537	69
164	538	5
164	539	29
164	540	28
164	559	1
164	573	1
164	596	135
164	60	90
164	642	27
164	65	190
164	68	183
164	70	162
164	71	60
164	74	52
164	97	89
164	98	290
164	99	245
166	167	42
166	168	2
166	169	27
166	171	20
166	172	8
166	173	9
166	174	7
166	175	16
166	176	24
166	178	2
166	180	1
166	183	3
166	185	29
166	187	1
166	236	1
166	240	11
166	364	1
166	365	1
166	368	1
166	373	1
166	38	3
166	45	1
166	537	8
166	538	15
166	539	10
166	540	11
166	552	15
166	559	1
166	60	1
166	642	2
167	168	39
167	169	221
167	170	3
167	171	43
167	172	21
167	173	64
167	174	401
167	175	856
167	176	373
167	178	1
167	180	1
167	181	1
167	183	2
167	184	21
167	185	287
167	187	9
167	236	2
167	240	14
167	284	1
167	285	27
167	286	21
167	288	14
167	289	45
167	290	17
167	291	56
167	292	57
167	293	88
167	297	13
167	311	4
167	326	6
167	327	3
167	346	1
167	347	4
167	35	1
167	350	1
167	354	1
167	356	1
167	360	2
167	361	1
167	362	1
167	363	1
167	364	4
167	365	2
167	367	1
167	368	4
167	371	7
167	372	4
167	373	20
167	374	12
167	376	1
167	38	2
167	380	2
167	381	3
167	382	5
167	43	1
167	45	1
167	451	1
167	49	1
167	496	3
167	534	2
167	537	30
167	538	6
167	539	178
167	540	25
167	596	7
167	65	1
167	70	2
167	71	1
167	74	1
167	97	3
167	98	9
167	99	22
168	169	13
168	171	43
168	172	479
168	173	11
168	174	18
168	175	23
168	176	5
168	180	1
168	185	7
168	187	3
168	236	16
168	240	4
168	288	1
168	290	1
168	293	1
168	297	1
168	363	1
168	368	1
168	372	1
168	373	1
168	374	1
168	40	1
168	44	1
168	46	2
168	49	1
168	496	1
168	538	1
168	539	8
168	540	51
168	552	8
168	97	1
168	98	2
168	99	2
169	170	177
169	171	51
169	172	99
169	173	182
169	174	220
169	175	364
169	176	1392
169	177	22
169	178	29
169	180	3
169	181	8
169	182	2
169	183	6
169	184	63
169	185	57
169	187	30
169	236	39
169	240	158
169	284	1
169	285	8
169	286	7
169	288	10
169	289	17
169	290	9
169	291	42
169	292	30
169	293	58
169	297	16
169	311	8
169	326	8
169	327	1
169	33	4
169	346	4
169	347	5
169	35	6
169	350	1
169	351	2
169	352	3
169	353	2
169	354	6
169	355	4
169	356	3
169	358	1
169	36	1
169	360	18
169	361	6
169	362	7
169	363	6
169	364	35
169	365	23
169	366	4
169	367	66
169	368	20
169	369	2
169	370	2
169	371	11
169	372	12
169	373	53
169	374	29
169	375	1
169	376	2
169	38	10
169	380	91
169	381	71
169	382	106
169	39	1
169	40	3
169	41	1
169	43	6
169	44	6
169	45	3
169	451	2
169	46	1
169	49	11
169	496	71
169	534	8
169	537	9
169	538	16
169	539	24
169	540	49
169	552	3
169	559	1
169	573	1
169	596	5
169	60	13
169	642	2
169	65	10
169	68	5
169	70	4
169	71	2
169	74	1
169	97	16
169	98	62
169	99	43
170	171	6
170	172	39
170	173	36
170	174	10
170	175	20
170	176	75
170	177	4
170	178	7
170	180	1
170	181	4
170	182	1
170	183	2
170	184	4
170	185	15
170	187	1
170	236	26
170	240	62
170	286	1
170	297	2
170	311	1
170	33	1
170	347	1
170	35	1
170	360	5
170	361	2
170	363	3
170	364	2
170	365	3
170	368	5
170	369	2
170	371	2
170	372	5
170	373	4
170	374	3
170	376	1
170	38	2
170	380	24
170	381	4
170	382	30
170	49	1
170	496	2
170	537	2
170	538	3
170	539	1
170	540	10
170	552	1
170	559	1
170	60	9
170	65	4
170	68	1
170	97	3
170	98	4
170	99	5
171	172	26
171	173	19
171	174	194
171	175	17
171	176	45
171	177	4
171	178	454
171	180	3
171	181	459
171	182	350
171	183	52
171	184	18
171	185	15
171	187	6
171	236	43
171	240	319
171	285	17
171	286	16
171	288	6
171	289	15
171	290	12
171	291	99
171	292	44
171	293	267
171	297	15
171	311	2
171	326	3
171	327	1
171	33	1
171	346	3
171	347	3
171	35	2
171	350	2
171	352	1
171	353	1
171	354	2
171	355	1
171	356	1
171	36	1
171	360	3
171	361	5
171	362	2
171	363	7
171	364	65
171	365	2
171	366	1
171	367	1
171	368	8
171	370	1
171	371	46
171	372	3
171	373	194
171	374	14
171	376	1
171	38	57
171	380	3
171	381	2
171	382	10
171	39	1
171	40	1
171	41	1
171	43	1
171	44	2
171	45	2
171	451	12
171	46	1
171	49	5
171	496	13
171	534	2
171	537	17
171	538	24
171	539	21
171	540	113
171	552	2
171	559	2
171	573	1
171	596	7
171	60	5
171	642	4
171	65	3
171	68	8
171	70	4
171	71	9
171	74	1
171	97	41
171	98	24
171	99	42
172	173	94
172	174	20
172	175	35
172	176	38
172	177	10
172	178	8
172	180	2
172	181	1
172	182	18
172	183	12
172	184	3
172	185	37
172	187	29
172	236	138
172	240	20
172	285	1
172	286	1
172	288	3
172	289	1
172	290	1
172	291	1
172	292	1
172	293	3
172	297	2
172	326	3
172	35	1
172	360	1
172	361	1
172	363	1
172	364	2
172	368	5
172	372	1
172	373	3
172	374	5
172	38	1
172	381	1
172	382	1
172	44	1
172	45	1
172	451	1
172	49	8
172	496	1
172	538	3
172	539	19
172	540	16
172	552	20
172	559	5
172	573	1
172	596	1
172	60	1
172	68	1
172	70	1
172	97	1
172	98	9
172	99	8
173	174	81
173	175	50
173	176	107
173	177	29
173	178	32
173	180	22
173	181	22
173	182	6
173	183	9
173	184	18
173	185	15
173	187	4
173	236	25
173	240	59
173	285	3
173	286	1
173	288	1
173	289	2
173	290	2
173	291	7
173	293	8
173	297	15
173	311	1
173	326	3
173	33	1
173	35	1
173	350	2
173	354	1
173	358	4
173	36	1
173	360	1
173	361	2
173	362	1
173	363	1
173	364	5
173	365	2
173	366	1
173	367	1
173	368	3
173	371	3
173	372	1
173	373	4
173	374	2
173	38	2
173	380	1
173	381	4
173	382	3
173	43	1
173	45	1
173	451	1
173	49	2
173	496	1
173	537	4
173	538	5
173	539	4
173	540	21
173	552	2
173	559	1
173	573	2
173	596	1
173	60	5
173	642	1
173	68	3
173	97	2
173	98	11
173	99	4
174	175	265
174	176	204
174	177	2
174	178	11
174	180	9
174	181	16
174	182	15
174	183	14
174	184	620
174	185	86
174	187	94
174	236	37
174	240	27
174	284	3
174	285	93
174	286	72
174	288	74
174	289	117
174	290	81
174	291	594
174	292	191
174	293	580
174	297	179
174	311	31
174	326	10
174	327	11
174	33	9
174	34	1
174	346	29
174	347	39
174	35	24
174	350	7
174	352	11
174	353	2
174	354	9
174	355	3
174	356	6
174	357	1
174	358	3
174	36	2
174	360	65
174	361	8
174	362	5
174	363	15
174	364	43
174	365	16
174	366	3
174	367	2
174	368	89
174	369	2
174	370	8
174	371	76
174	372	44
174	373	676
174	374	477
174	375	3
174	376	5
174	38	21
174	380	35
174	381	12
174	382	155
174	39	2
174	40	3
174	41	4
174	43	8
174	44	12
174	45	7
174	451	2
174	46	1
174	49	12
174	496	18
174	534	11
174	537	259
174	538	12
174	539	136
174	540	200
174	552	1
174	559	1
174	573	1
174	596	30
174	60	9
174	642	2
174	65	19
174	68	5
174	70	20
174	71	3
174	74	5
174	97	19
174	98	53
174	99	113
175	176	322
175	178	1
175	180	1
175	182	2
175	183	8
175	184	3
175	185	47
175	187	143
175	236	4
175	240	15
175	284	3
175	285	24
175	286	24
175	288	25
175	289	30
175	290	24
175	291	43
175	292	54
175	293	92
175	297	33
175	311	56
175	326	6
175	327	7
175	33	2
175	346	6
175	347	8
175	35	4
175	350	6
175	351	1
175	352	3
175	354	8
175	356	7
175	357	1
175	358	1
175	36	1
175	360	14
175	361	1
175	362	3
175	363	2
175	364	13
175	365	8
175	366	3
175	367	13
175	368	5
175	370	10
175	371	47
175	372	17
175	373	175
175	374	235
175	375	1
175	376	6
175	38	1
175	380	42
175	381	29
175	382	48
175	41	1
175	43	1
175	44	1
175	45	1
175	451	3
175	49	3
175	496	7
175	534	1
175	537	20
175	538	6
175	539	103
175	540	36
175	596	7
175	60	5
175	642	3
175	65	3
175	68	2
175	70	5
175	71	2
175	74	1
175	97	11
175	98	51
175	99	50
176	177	8
176	178	25
176	180	1
176	181	4
176	182	1
176	183	2
176	184	6
176	185	41
176	187	13
176	236	24
176	240	87
176	285	3
176	286	4
176	288	5
176	289	21
176	290	4
176	291	6
176	292	53
176	293	47
176	297	6
176	311	8
176	326	2
176	33	2
176	346	4
176	347	4
176	35	3
176	350	1
176	351	1
176	352	3
176	353	1
176	354	2
176	355	2
176	356	3
176	358	1
176	360	11
176	361	2
176	362	2
176	363	3
176	364	11
176	365	6
176	366	2
176	367	138
176	368	11
176	369	2
176	370	2
176	371	6
176	372	3
176	373	21
176	374	12
176	376	1
176	38	3
176	380	6
176	381	30
176	382	10
176	40	1
176	43	1
176	44	6
176	45	3
176	451	1
176	49	4
176	496	17
176	534	1
176	537	7
176	538	7
176	539	20
176	540	27
176	596	2
176	60	4
176	65	10
176	68	3
176	70	3
176	71	1
176	97	9
176	98	32
176	99	40
177	178	204
177	180	134
177	181	32
177	182	3
177	183	6
177	184	14
177	185	2
177	187	1
177	236	6
177	240	180
177	290	1
177	293	1
177	297	4
177	326	2
177	346	2
177	358	2
177	359	2
177	36	1
177	360	1
177	361	6
177	362	2
177	363	6
177	368	1
177	369	1
177	373	1
177	38	4
177	42	1
177	44	2
177	45	1
177	451	1
177	538	2
177	540	49
177	552	1
177	573	9
177	60	1
177	65	1
177	98	1
177	99	1
178	180	43
178	181	1810
178	182	1302
178	183	149
178	184	24
178	185	2
178	187	1
178	236	8
178	240	986
178	285	1
178	286	1
178	288	1
178	289	1
178	290	2
178	291	148
178	293	323
178	297	12
178	346	1
178	35	1
178	355	1
178	358	1
178	360	1
178	361	1
178	363	1
178	364	1
178	368	6
178	371	1
178	372	1
178	373	1
178	38	2
178	380	1
178	382	1
178	43	1
178	44	1
178	45	1
178	49	1
178	537	1
178	538	4
178	539	1
178	540	57
178	573	6
178	60	1
178	65	1
178	68	1
178	97	2
178	98	7
178	99	2
180	181	160
180	182	15
180	183	43
180	184	14
180	185	3
180	187	4
180	236	15
180	240	14
180	285	1
180	286	1
180	288	1
180	289	1
180	290	2
180	293	2
180	297	14
180	326	2
180	33	2
180	34	1
180	35	4
180	358	5
180	359	1
180	36	22
180	360	1
180	361	1
180	362	1
180	363	1
180	366	2
180	368	3
180	369	2
180	371	1
180	372	1
180	373	4
180	374	5
180	38	2
180	382	3
180	39	2
180	41	1
180	42	1
180	44	10
180	45	9
180	451	2
180	46	25
180	49	7
180	534	1
180	537	5
180	538	15
180	540	2
180	573	32
180	596	1
180	60	4
180	642	2
180	65	1
180	68	5
180	70	1
180	71	1
180	74	1
180	97	1
180	98	2
180	99	2
181	182	1339
181	183	155
181	184	6
181	185	1
181	187	1
181	236	11
181	240	846
181	285	1
181	288	1
181	289	2
181	290	1
181	291	151
181	293	333
181	297	8
181	326	1
181	33	1
181	35	1
181	358	1
181	36	1
181	368	6
181	371	1
181	373	2
181	374	1
181	38	2
181	380	1
181	382	1
181	39	1
181	40	3
181	44	1
181	45	15
181	46	1
181	49	7
181	537	1
181	538	5
181	539	1
181	540	17
181	573	8
181	60	1
181	65	1
181	68	2
181	70	1
181	71	1
181	99	1
182	183	452
182	184	73
182	185	7
182	187	23
182	236	4
182	240	613
182	285	3
182	286	4
182	288	7
182	289	8
182	290	8
182	291	117
182	292	4
182	293	289
182	297	11
182	311	3
182	33	1
182	346	10
182	347	7
182	35	7
182	350	2
182	352	4
182	354	3
182	356	2
182	357	1
182	358	3
182	36	2
182	360	9
182	362	1
182	364	2
182	365	1
182	366	1
182	368	5
182	371	5
182	372	2
182	373	8
182	374	7
182	375	1
182	376	2
182	38	2
182	380	1
182	382	2
182	39	6
182	40	1
182	41	2
182	43	1
182	44	4
182	45	8
182	451	1
182	46	3
182	49	97
182	496	1
182	534	4
182	537	1
182	538	2
182	539	2
182	540	12
182	552	1
182	559	2
182	573	6
182	596	1
182	60	6
182	642	1
182	65	4
182	68	4
182	70	5
182	71	6
182	74	2
182	97	10
182	98	23
182	99	10
183	184	56
183	185	24
183	187	55
183	236	3
183	240	78
183	250	1
183	285	3
183	286	6
183	288	5
183	289	6
183	290	5
183	291	23
183	292	8
183	293	59
183	297	14
183	311	3
183	326	2
183	33	1
183	346	1
183	347	1
183	35	4
183	350	1
183	354	4
183	356	1
183	358	5
183	359	2
183	36	2
183	360	2
183	361	21
183	362	4
183	363	3
183	364	2
183	365	2
183	366	1
183	368	22
183	369	2
183	370	1
183	371	3
183	372	1
183	373	10
183	374	12
183	376	2
183	38	25
183	382	2
183	39	2
183	40	1
183	41	1
183	42	1
183	43	1
183	44	7
183	45	7
183	451	2
183	46	2
183	49	59
183	496	1
183	534	2
183	537	2
183	538	1
183	539	1
183	540	4
183	552	6
183	573	35
183	596	2
183	60	3
183	65	2
183	68	3
183	70	2
183	71	2
183	74	1
183	97	5
183	98	12
183	99	14
184	185	3
184	187	9
184	236	9
184	240	114
184	285	96
184	286	14
184	288	9
184	289	25
184	290	15
184	291	1014
184	292	25
184	293	536
184	297	67
184	311	6
184	326	1
184	327	4
184	346	1
184	347	5
184	35	1
184	358	1
184	359	1
184	36	1
184	360	7
184	361	1
184	363	1
184	364	2
184	365	1
184	366	2
184	368	1
184	370	2
184	371	15
184	372	1
184	373	39
184	374	4
184	38	3
184	380	1
184	382	11
184	39	1
184	41	1
184	44	3
184	45	1
184	451	1
184	49	32
184	496	1
184	534	1
184	537	94
184	538	5
184	539	93
184	540	241
184	559	3
184	573	4
184	596	3
184	60	3
184	65	1
184	68	3
184	70	4
184	71	3
184	97	5
184	98	18
184	99	7
185	187	23
185	236	12
185	240	8
185	285	4
185	286	4
185	288	6
185	289	5
185	290	6
185	291	1
185	292	3
185	293	6
185	297	20
185	311	1
185	326	19
185	327	1
185	33	1
185	346	1
185	347	1
185	35	4
185	350	1
185	353	1
185	354	1
185	355	1
185	356	1
185	357	2
185	36	1
185	360	6
185	361	2
185	362	2
185	363	1
185	364	9
185	365	13
185	368	7
185	370	2
185	371	4
185	372	7
185	373	11
185	374	17
185	375	3
185	376	2
185	38	5
185	380	10
185	381	7
185	382	19
185	40	1
185	41	3
185	42	1
185	43	12
185	44	7
185	45	31
185	451	2
185	49	3
185	496	1
185	534	3
185	537	7
185	538	2
185	539	43
185	540	5
185	552	2
185	559	1
185	596	7
185	60	5
185	65	5
185	68	2
185	70	2
185	71	1
185	74	1
185	97	3
185	98	22
185	99	35
187	236	4
187	240	8
187	285	4
187	286	7
187	288	18
187	289	12
187	290	10
187	291	42
187	292	12
187	293	88
187	297	14
187	311	39
187	326	4
187	327	3
187	33	2
187	346	2
187	347	5
187	35	6
187	350	3
187	352	2
187	354	3
187	355	1
187	356	8
187	358	4
187	359	2
187	36	2
187	360	5
187	361	3
187	362	12
187	363	2
187	364	16
187	365	13
187	366	10
187	367	3
187	368	6
187	369	1
187	370	6
187	371	52
187	372	20
187	373	214
187	374	283
187	375	2
187	376	2
187	38	4
187	380	1
187	381	1
187	382	6
187	39	1
187	40	1
187	41	1
187	43	1
187	44	3
187	45	3
187	451	2
187	46	1
187	49	59
187	496	10
187	534	1
187	537	4
187	538	2
187	539	3
187	540	6
187	559	1
187	573	1
187	596	2
187	60	9
187	642	1
187	65	2
187	68	6
187	70	5
187	71	3
187	74	2
187	97	59
187	98	175
187	99	46
236	240	91
236	285	5
236	286	5
236	288	13
236	289	5
236	290	9
236	291	1
236	292	1
236	293	6
236	297	69
236	311	1
236	326	3
236	33	2
236	346	3
236	347	1
236	35	3
236	350	1
236	352	1
236	354	1
236	355	1
236	356	1
236	358	7
236	359	2
236	36	3
236	360	4
236	361	12
236	362	2
236	363	7
236	364	5
236	365	1
236	366	1
236	368	30
236	369	2
236	371	2
236	372	3
236	373	16
236	374	21
236	375	2
236	376	3
236	38	63
236	380	1
236	381	2
236	382	6
236	39	1
236	41	1
236	43	9
236	44	6
236	45	4
236	451	2
236	49	6
236	496	3
236	534	1
236	537	10
236	538	7
236	539	5
236	540	5
236	552	1
236	559	12
236	596	34
236	60	7
236	642	3
236	65	7
236	68	70
236	70	3
236	71	9
236	74	1
236	97	9
236	98	23
236	99	8
240	285	6
240	286	4
240	288	11
240	289	7
240	290	11
240	291	70
240	292	1
240	293	160
240	297	35
240	311	4
240	326	6
240	327	2
240	33	15
240	34	1
240	346	15
240	347	11
240	35	11
240	350	23
240	351	69
240	352	23
240	353	3
240	354	27
240	355	22
240	356	17
240	357	4
240	358	39
240	359	9
240	36	17
240	360	39
240	361	33
240	362	12
240	363	31
240	364	34
240	365	25
240	366	5
240	367	4
240	368	82
240	369	19
240	370	1
240	371	13
240	372	10
240	373	13
240	374	4
240	375	14
240	376	9
240	38	52
240	380	30
240	381	67
240	382	21
240	39	3
240	40	2
240	41	7
240	42	26
240	43	2
240	44	19
240	45	15
240	451	10
240	46	2
240	49	6
240	496	27
240	537	10
240	538	32
240	539	5
240	540	174
240	552	2
240	559	58
240	573	1
240	596	8
240	60	177
240	642	119
240	65	44
240	68	7
240	70	9
240	71	7
240	74	5
240	97	9
240	98	32
240	99	12
250	286	1
250	326	4
250	34	1
250	35	1
250	358	2
250	36	5
250	361	6
250	363	1
250	366	1
250	368	2
250	372	2
250	376	1
250	38	7
250	42	1
250	43	1
250	44	1
250	45	2
250	451	1
250	49	1
250	98	1
284	285	349
284	286	107
284	288	88
284	289	292
284	290	232
284	291	4
284	292	36
284	293	48
284	297	77
284	311	3
284	327	2
284	346	1
284	347	7
284	35	5
284	350	2
284	352	1
284	354	1
284	356	1
284	360	6
284	364	1
284	366	1
284	370	2
284	371	8
284	372	9
284	373	2
284	374	1
284	375	4
284	376	1
284	382	4
284	41	1
284	451	6
284	496	2
284	534	2
284	537	1
284	539	5
284	540	3
284	596	10
284	65	1
284	68	2
284	70	6
284	71	1
284	97	1
284	98	2
284	99	8
285	286	424
285	288	660
285	289	418
285	290	924
285	291	115
285	292	65
285	293	389
285	297	494
285	311	62
285	326	1
285	327	43
285	33	10
285	34	1
285	346	56
285	347	202
285	35	26
285	350	20
285	352	29
285	354	19
285	356	25
285	357	6
285	358	3
285	359	2
285	36	3
285	360	138
285	361	1
285	362	6
285	363	2
285	364	19
285	365	12
285	366	3
285	367	3
285	368	2
285	370	11
285	371	137
285	372	88
285	373	50
285	374	8
285	375	6
285	376	19
285	38	9
285	380	16
285	381	3
285	382	88
285	39	2
285	40	1
285	41	9
285	43	1
285	44	9
285	45	1
285	451	34
285	46	1
285	49	16
285	496	32
285	534	96
285	537	38
285	538	1
285	539	91
285	540	51
285	596	92
285	60	15
285	642	3
285	65	57
285	68	11
285	70	197
285	71	33
285	74	6
285	97	31
285	98	40
285	99	170
286	288	754
286	289	800
286	290	1044
286	291	112
286	292	77
286	293	777
286	297	455
286	311	86
286	326	2
286	327	80
286	33	6
286	34	2
286	346	88
286	347	256
286	35	27
286	350	50
286	352	116
286	354	77
286	355	1
286	356	59
286	357	23
286	358	1
286	359	2
286	36	2
286	360	132
286	361	1
286	362	3
286	363	2
286	364	26
286	365	14
286	366	4
286	367	2
286	368	3
286	370	14
286	371	183
286	372	149
286	373	67
286	374	17
286	375	18
286	376	38
286	38	6
286	380	26
286	381	6
286	382	119
286	39	5
286	40	2
286	41	11
286	42	1
286	43	8
286	44	6
286	45	3
286	451	6
286	46	6
286	49	14
286	496	64
286	534	81
286	537	48
286	538	1
286	539	87
286	540	60
286	596	181
286	60	9
286	642	4
286	65	96
286	68	174
286	70	358
286	71	65
286	74	6
286	97	60
286	98	76
286	99	327
288	289	847
288	290	1045
288	291	50
288	292	103
288	293	491
288	297	351
288	311	89
288	326	3
288	327	114
288	33	22
288	34	3
288	346	184
288	347	381
288	35	90
288	350	61
288	351	1
288	352	78
288	354	65
288	355	2
288	356	49
288	357	15
288	358	2
288	359	3
288	36	7
288	360	268
288	361	3
288	362	11
288	363	7
288	364	93
288	365	28
288	366	9
288	367	7
288	368	6
288	369	2
288	370	27
288	371	238
288	372	277
288	373	60
288	374	19
288	375	20
288	376	55
288	38	20
288	380	24
288	381	5
288	382	152
288	39	9
288	40	7
288	41	27
288	42	3
288	43	14
288	44	23
288	45	3
288	451	17
288	46	3
288	49	18
288	496	75
288	534	60
288	537	49
288	538	2
288	539	28
288	540	96
288	559	1
288	596	167
288	60	17
288	642	11
288	65	106
288	68	232
288	70	292
288	71	60
288	74	17
288	97	90
288	98	277
288	99	227
289	290	1128
289	291	145
289	292	537
289	293	683
289	297	348
289	311	51
289	326	2
289	327	48
289	33	10
289	34	2
289	346	83
289	347	260
289	35	41
289	350	43
289	352	35
289	354	31
289	356	22
289	357	6
289	358	2
289	359	1
289	36	3
289	360	152
289	361	1
289	362	5
289	363	3
289	364	28
289	365	11
289	366	4
289	367	2
289	368	4
289	369	2
289	370	12
289	371	195
289	372	130
289	373	96
289	374	20
289	375	27
289	376	25
289	38	10
289	380	8
289	381	4
289	382	92
289	39	4
289	40	2
289	41	9
289	42	1
289	43	3
289	44	8
289	45	3
289	451	14
289	46	4
289	49	12
289	496	23
289	534	23
289	537	56
289	538	1
289	539	39
289	540	62
289	596	250
289	60	8
289	642	8
289	65	35
289	68	219
289	70	115
289	71	43
289	74	9
289	97	36
289	98	37
289	99	178
290	291	65
290	292	167
290	293	692
290	297	627
290	311	73
290	326	3
290	327	78
290	33	27
290	34	7
290	346	203
290	347	379
290	35	81
290	350	64
290	352	73
290	354	77
290	355	10
290	356	72
290	357	112
290	358	4
290	359	13
290	36	9
290	360	302
290	361	4
290	362	10
290	363	9
290	364	66
290	365	65
290	366	4
290	367	3
290	368	8
290	369	2
290	370	15
290	371	222
290	372	180
290	373	85
290	374	25
290	375	21
290	376	131
290	38	26
290	380	27
290	381	5
290	382	147
290	39	6
290	40	4
290	41	17
290	42	2
290	43	8
290	44	34
290	45	5
290	451	22
290	46	33
290	49	29
290	496	174
290	534	135
290	537	37
290	538	1
290	539	52
290	540	41
290	596	185
290	60	22
290	642	5
290	65	441
290	68	159
290	70	1089
290	71	194
290	74	15
290	97	205
290	98	324
290	99	601
291	292	305
291	293	853
291	297	76
291	311	49
291	326	1
291	327	9
291	33	1
291	346	6
291	347	30
291	35	3
291	350	6
291	352	7
291	354	6
291	356	4
291	360	11
291	361	1
291	362	1
291	363	1
291	364	16
291	365	3
291	366	4
291	367	2
291	368	3
291	370	24
291	371	57
291	372	10
291	373	269
291	374	72
291	375	1
291	376	2
291	38	3
291	380	1
291	381	1
291	382	29
291	39	1
291	41	1
291	44	1
291	45	1
291	49	7
291	496	5
291	534	38
291	537	224
291	538	2
291	539	88
291	540	293
291	596	24
291	60	1
291	642	1
291	65	4
291	68	4
291	70	10
291	71	5
291	74	1
291	97	8
291	98	20
291	99	47
292	293	578
292	297	60
292	311	17
292	327	10
292	33	1
292	346	9
292	347	97
292	35	3
292	350	5
292	352	2
292	354	2
292	356	1
292	360	8
292	363	1
292	364	5
292	366	1
292	368	1
292	370	2
292	371	87
292	372	17
292	373	158
292	374	40
292	375	5
292	376	2
292	38	1
292	380	3
292	381	1
292	382	110
292	41	3
292	44	1
292	45	3
292	451	1
292	49	4
292	496	9
292	534	2
292	537	16
292	539	20
292	540	59
292	596	80
292	60	1
292	642	2
292	65	6
292	68	2
292	70	15
292	71	2
292	74	1
292	97	15
292	98	11
292	99	155
293	297	312
293	311	111
293	326	4
293	327	75
293	33	5
293	34	1
293	346	31
293	347	113
293	35	21
293	350	14
293	352	29
293	354	25
293	356	18
293	357	11
293	358	1
293	359	1
293	36	1
293	360	85
293	361	3
293	362	2
293	363	5
293	364	35
293	365	7
293	366	5
293	367	5
293	368	8
293	370	18
293	371	194
293	372	104
293	373	274
293	374	114
293	375	16
293	376	17
293	38	14
293	380	9
293	381	5
293	382	108
293	39	3
293	40	1
293	41	4
293	43	2
293	44	6
293	45	4
293	451	4
293	46	1
293	49	19
293	496	65
293	534	35
293	537	87
293	538	3
293	539	120
293	540	176
293	596	116
293	60	7
293	642	5
293	65	66
293	68	139
293	70	263
293	71	41
293	74	6
293	97	92
293	98	92
293	99	512
297	311	27
297	326	3
297	327	32
297	33	24
297	34	5
297	346	65
297	347	117
297	35	59
297	350	18
297	352	39
297	354	29
297	355	1
297	356	24
297	357	3
297	358	27
297	359	5
297	36	15
297	360	188
297	361	4
297	362	7
297	363	10
297	364	40
297	365	21
297	366	2
297	367	1
297	368	34
297	369	2
297	370	5
297	371	109
297	372	147
297	373	105
297	374	115
297	375	12
297	376	22
297	38	31
297	380	26
297	381	8
297	382	94
297	39	7
297	40	4
297	41	9
297	42	1
297	43	4
297	44	44
297	45	5
297	451	9
297	46	4
297	49	19
297	496	17
297	534	8
297	537	40
297	538	2
297	539	40
297	540	32
297	596	89
297	60	19
297	642	5
297	65	68
297	68	19
297	70	152
297	71	20
297	74	14
297	97	27
297	98	68
297	99	165
311	327	40
311	33	9
311	34	1
311	346	39
311	347	51
311	35	17
311	350	6
311	352	24
311	354	15
311	356	14
311	357	1
311	358	2
311	359	1
311	36	3
311	360	130
311	361	1
311	362	2
311	363	3
311	364	41
311	365	19
311	366	195
311	367	119
311	368	2
311	369	1
311	370	614
311	371	444
311	372	23
311	373	133
311	374	59
311	375	1
311	376	6
311	38	7
311	380	71
311	381	7
311	382	169
311	39	1
311	40	1
311	41	2
311	43	1
311	44	11
311	45	2
311	49	36
311	496	116
311	534	9
311	537	11
311	538	2
311	539	45
311	540	6
311	559	1
311	596	13
311	60	57
311	642	4
311	65	19
311	68	8
311	70	82
311	71	6
311	74	4
311	97	32
311	98	23
311	99	33
326	327	90
326	346	1
326	35	4
326	350	10
326	352	1
326	353	1
326	354	4
326	355	4
326	356	1
326	358	1
326	36	2
326	360	4
326	361	13
326	362	5
326	363	12
326	364	13
326	365	9
326	366	3
326	367	4
326	368	48
326	370	1
326	371	4
326	372	19
326	373	13
326	374	3
326	376	3
326	38	87
326	380	4
326	381	5
326	382	6
326	39	1
326	41	2
326	43	25
326	44	2
326	45	1
326	451	1
326	49	9
326	496	22
326	538	1
326	539	1
326	540	1
326	596	1
326	60	1
326	65	1
326	70	1
326	97	1
326	98	2
326	99	5
327	33	5
327	346	16
327	347	31
327	35	28
327	350	4
327	352	3
327	354	5
327	356	5
327	360	114
327	362	1
327	363	1
327	364	457
327	365	6
327	366	4
327	367	2
327	368	1
327	370	9
327	371	395
327	372	360
327	373	47
327	374	4
327	375	1
327	376	6
327	38	2
327	380	1
327	382	83
327	39	1
327	40	1
327	41	4
327	43	1
327	44	2
327	49	4
327	496	2
327	534	1
327	537	5
327	539	4
327	540	3
327	596	6
327	60	4
327	642	7
327	65	10
327	70	34
327	71	1
327	74	13
327	97	3
327	98	134
327	99	30
33	34	398
33	346	53
33	347	55
33	35	556
33	350	35
33	352	12
33	353	1
33	354	42
33	355	2
33	356	356
33	357	1
33	358	3
33	36	244
33	360	128
33	361	19
33	362	3
33	363	29
33	364	29
33	365	27
33	366	10
33	367	5
33	368	33
33	369	22
33	370	4
33	371	63
33	372	38
33	373	23
33	374	9
33	375	2
33	376	169
33	38	127
33	380	10
33	381	1
33	382	21
33	39	32
33	40	35
33	41	85
33	42	63
33	43	76
33	44	50
33	45	18
33	451	2
33	46	24
33	49	24
33	496	2
33	534	1
33	537	1
33	540	1
33	573	1
33	596	4
33	60	14
33	642	2
33	65	79
33	68	9
33	70	24
33	71	3
33	74	42
33	97	5
33	98	7
33	99	5
34	346	2
34	347	2
34	35	206
34	350	3
34	352	1
34	353	1
34	354	15
34	355	1
34	356	134
34	357	1
34	358	2
34	36	386
34	360	5
34	361	2
34	362	1
34	363	3
34	364	1
34	365	2
34	366	1
34	368	4
34	369	1
34	371	9
34	372	4
34	373	3
34	374	2
34	375	1
34	376	42
34	38	76
34	39	14
34	40	10
34	41	12
34	42	7
34	43	6
34	44	18
34	45	15
34	451	1
34	46	6
34	49	3
34	496	1
34	552	7
34	596	1
34	60	1
34	642	3
34	65	18
34	68	5
34	70	8
34	71	10
34	74	6
34	97	1
34	98	1
34	99	2
346	347	1183
346	35	134
346	350	274
346	351	4
346	352	403
346	354	194
346	355	7
346	356	142
346	357	27
346	358	2
346	359	4
346	36	12
346	360	878
346	361	10
346	362	9
346	363	27
346	364	101
346	365	84
346	366	2
346	367	15
346	368	7
346	369	5
346	370	14
346	371	220
346	372	119
346	373	78
346	374	13
346	375	31
346	376	116
346	38	58
346	380	29
346	381	4
346	382	134
346	39	3
346	40	4
346	41	6
346	42	1
346	43	2
346	44	34
346	45	1
346	451	3
346	46	1
346	49	16
346	496	16
346	534	1
346	537	7
346	538	1
346	539	3
346	540	6
346	596	29
346	60	27
346	642	9
346	65	108
346	68	8
346	70	156
346	71	20
346	74	56
346	97	90
346	98	134
346	99	62
347	35	148
347	350	321
347	351	5
347	352	943
347	354	529
347	355	4
347	356	411
347	357	22
347	358	1
347	359	3
347	36	13
347	360	1093
347	361	9
347	362	10
347	363	25
347	364	111
347	365	91
347	366	2
347	367	13
347	368	10
347	369	4
347	370	17
347	371	323
347	372	142
347	373	131
347	374	37
347	375	41
347	376	129
347	38	61
347	380	44
347	381	3
347	382	277
347	39	3
347	40	4
347	41	8
347	42	1
347	43	1
347	44	35
347	45	1
347	451	8
347	46	1
347	49	19
347	496	15
347	534	2
347	537	14
347	539	6
347	540	20
347	596	104
347	60	35
347	642	11
347	65	92
347	68	15
347	70	154
347	71	13
347	74	56
347	97	33
347	98	39
347	99	56
35	350	173
35	351	1
35	352	31
35	353	3
35	354	129
35	355	6
35	356	210
35	357	8
35	358	11
35	359	11
35	36	365
35	360	300
35	361	29
35	362	13
35	363	39
35	364	64
35	365	62
35	366	6
35	367	8
35	368	38
35	369	17
35	370	8
35	371	164
35	372	133
35	373	54
35	374	56
35	375	19
35	376	178
35	38	175
35	380	11
35	381	2
35	382	35
35	39	365
35	40	162
35	41	145
35	42	64
35	43	75
35	44	103
35	45	44
35	451	8
35	46	115
35	49	37
35	496	7
35	534	27
35	537	3
35	539	1
35	540	2
35	552	2
35	559	1
35	596	20
35	60	30
35	642	17
35	65	98
35	68	13
35	70	62
35	71	27
35	74	352
35	97	12
35	98	18
35	99	21
350	351	30
350	352	466
350	353	7
350	354	493
350	355	32
350	356	253
350	357	71
350	358	31
350	359	30
350	36	12
350	360	121
350	361	3
350	362	28
350	363	5
350	364	127
350	365	64
350	366	2
350	367	2
350	368	18
350	369	2
350	370	8
350	371	111
350	372	98
350	373	60
350	374	24
350	375	327
350	376	497
350	38	11
350	380	13
350	381	3
350	382	24
350	39	6
350	40	6
350	41	6
350	42	3
350	43	3
350	44	10
350	45	8
350	451	46
350	46	2
350	49	3
350	496	7
350	534	1
350	537	2
350	539	1
350	540	2
350	596	41
350	60	3
350	642	19
350	65	28
350	68	4
350	70	43
350	71	6
350	74	20
350	97	5
350	98	10
350	99	59
351	352	77
351	353	26
351	354	56
351	355	122
351	356	30
351	357	1
351	358	6
351	359	4
351	360	17
351	361	5
351	362	35
351	363	3
351	364	26
351	365	3
351	368	160
351	370	1
351	371	4
351	372	3
351	373	2
351	374	1
351	375	4
351	376	11
351	38	2
351	382	1
351	40	2
351	496	1
351	596	2
351	60	1
351	65	1
351	70	1
351	97	1
351	98	2
351	99	1
352	354	712
352	355	8
352	356	576
352	357	29
352	358	2
352	359	14
352	36	4
352	360	642
352	361	2
352	362	4
352	363	3
352	364	103
352	365	58
352	366	2
352	368	37
352	369	1
352	370	4
352	371	72
352	372	41
352	373	37
352	374	7
352	375	33
352	376	67
352	38	14
352	380	23
352	381	6
352	382	237
352	39	1
352	40	2
352	41	2
352	42	1
352	44	12
352	451	3
352	46	1
352	49	10
352	496	18
352	537	3
352	538	1
352	539	2
352	540	21
352	596	8
352	60	17
352	65	49
352	68	6
352	70	48
352	71	7
352	74	8
352	97	6
352	98	10
352	99	12
353	354	174
353	355	232
353	356	24
353	357	3
353	358	5
353	359	3
353	360	2
353	361	5
353	362	7
353	363	2
353	364	12
353	365	9
353	368	13
353	369	4
353	371	1
353	372	3
353	373	14
353	374	20
353	375	1
353	376	20
353	38	5
353	380	7
353	382	1
353	41	1
353	42	1
353	44	2
353	45	2
353	451	3
353	46	1
353	49	1
353	596	1
353	74	1
353	98	1
353	99	1
354	355	291
354	356	521
354	357	240
354	358	57
354	359	44
354	36	14
354	360	384
354	361	21
354	362	38
354	363	9
354	364	107
354	365	340
354	366	3
354	367	3
354	368	56
354	369	10
354	370	5
354	371	118
354	372	214
354	373	53
354	374	36
354	375	57
354	376	780
354	38	16
354	380	95
354	381	6
354	382	153
354	39	11
354	40	16
354	41	12
354	42	4
354	43	6
354	44	29
354	45	17
354	451	25
354	46	2
354	49	7
354	496	15
354	534	1
354	537	2
354	539	2
354	540	12
354	559	1
354	596	29
354	60	14
354	642	21
354	65	126
354	68	5
354	70	75
354	71	34
354	74	41
354	97	11
354	98	15
354	99	63
355	356	37
355	357	23
355	358	8
355	359	8
355	36	1
355	360	6
355	361	10
355	362	13
355	363	6
355	364	31
355	365	55
355	366	1
355	367	1
355	368	72
355	369	7
355	371	4
355	372	6
355	373	20
355	374	30
355	375	7
355	376	70
355	38	4
355	380	6
355	381	3
355	382	1
355	40	1
355	41	1
355	42	1
355	43	1
355	44	3
355	45	1
355	451	4
355	496	5
355	538	1
355	596	1
355	60	1
355	642	2
355	65	32
355	70	13
355	71	6
355	74	1
355	97	4
355	98	3
355	99	6
356	357	52
356	358	48
356	359	24
356	36	88
356	360	319
356	361	22
356	362	40
356	363	12
356	364	39
356	365	78
356	366	5
356	367	3
356	368	55
356	369	6
356	370	3
356	371	64
356	372	77
356	373	28
356	374	21
356	375	26
356	376	944
356	38	40
356	380	15
356	381	2
356	382	111
356	39	27
356	40	15
356	41	249
356	42	301
356	43	275
356	44	62
356	45	17
356	451	14
356	46	4
356	49	7
356	496	8
356	534	1
356	537	2
356	539	1
356	540	10
356	596	13
356	60	14
356	642	20
356	65	93
356	68	4
356	70	71
356	71	19
356	74	11
356	97	8
356	98	34
356	99	18
357	358	16
357	359	33
357	36	3
357	360	14
357	361	1
357	362	2
357	363	1
357	364	3
357	365	419
357	368	6
357	370	1
357	371	9
357	372	5
357	373	2
357	374	2
357	375	135
357	376	1363
357	38	1
357	380	1
357	381	3
357	382	1
357	39	1
357	40	1
357	41	2
357	42	3
357	43	3
357	44	2
357	45	9
357	451	11
357	46	3
357	49	4
357	496	32
357	534	1
357	537	1
357	539	2
357	596	14
357	60	1
357	642	6
357	65	439
357	68	6
357	70	221
357	71	195
357	74	3
357	97	35
357	98	31
357	99	77
358	359	217
358	36	18
358	360	8
358	361	14
358	362	17
358	363	11
358	364	1
358	365	3
358	367	1
358	368	11
358	369	3
358	371	1
358	372	4
358	373	1
358	374	3
358	375	7
358	376	18
358	38	5
358	381	1
358	382	1
358	39	3
358	40	3
358	41	2
358	42	5
358	43	1
358	44	29
358	45	225
358	451	18
358	46	12
358	49	16
358	538	1
358	540	1
358	552	2
358	573	1
358	596	2
358	60	25
358	642	1
358	65	2
358	70	1
358	71	1
358	74	1
358	97	1
358	98	4
358	99	2
359	36	2
359	360	5
359	361	8
359	362	36
359	363	5
359	364	2
359	365	9
359	368	3
359	369	1
359	371	2
359	372	4
359	373	1
359	375	41
359	376	38
359	38	4
359	381	1
359	39	1
359	40	1
359	41	3
359	42	16
359	44	38
359	45	43
359	451	11
359	46	17
359	49	9
359	496	2
359	596	1
359	60	1
359	65	34
359	68	4
359	70	33
359	71	23
359	74	2
359	97	1
359	98	2
359	99	4
36	360	38
36	361	20
36	362	12
36	363	26
36	364	7
36	365	8
36	366	5
36	368	14
36	369	7
36	370	1
36	371	14
36	372	11
36	373	6
36	374	2
36	375	2
36	376	62
36	38	56
36	380	2
36	382	3
36	39	58
36	40	29
36	41	120
36	42	376
36	43	50
36	44	202
36	45	152
36	451	20
36	46	236
36	49	11
36	496	1
36	534	2
36	538	1
36	552	2
36	596	3
36	60	7
36	642	2
36	65	44
36	68	4
36	70	7
36	71	6
36	74	34
36	97	2
36	98	2
36	99	2
360	361	27
360	362	46
360	363	64
360	364	278
360	365	312
360	366	12
360	367	20
360	368	57
360	369	24
360	370	62
360	371	617
360	372	273
360	373	152
360	374	118
360	375	10
360	376	111
360	38	154
360	380	149
360	381	22
360	382	430
360	39	6
360	40	13
360	41	15
360	42	2
360	43	3
360	44	209
360	45	1
360	451	7
360	46	3
360	49	54
360	496	18
360	534	1
360	537	8
360	538	1
360	539	4
360	540	12
360	596	49
360	60	146
360	642	15
360	65	228
360	68	8
360	70	217
360	71	12
360	74	100
360	97	61
360	98	103
360	99	64
361	362	572
361	363	1353
361	364	27
361	365	24
361	366	4
361	367	48
361	368	203
361	369	23
361	370	1
361	371	12
361	372	7
361	373	23
361	374	5
361	375	1
361	376	69
361	38	222
361	380	1
361	382	3
361	39	2
361	40	5
361	41	7
361	42	6
361	43	17
361	44	12
361	45	3
361	451	1
361	46	1
361	49	4
361	496	1
361	538	1
361	539	1
361	540	2
361	552	1
361	559	1
361	596	1
361	60	3
361	65	6
361	68	1
361	70	4
361	71	1
361	74	2
361	97	1
361	98	2
361	99	2
362	363	347
362	364	23
362	365	35
362	366	1
362	367	7
362	368	31
362	369	5
362	371	11
362	372	159
362	373	19
362	374	38
362	375	2
362	376	64
362	38	25
362	380	2
362	382	3
362	39	7
362	40	18
362	41	19
362	42	23
362	43	26
362	44	29
362	45	2
362	451	1
362	46	1
362	49	2
362	537	1
362	596	3
362	60	18
362	642	2
362	65	16
362	70	5
362	71	1
362	74	2
362	97	1
362	98	3
362	99	3
363	364	47
363	365	21
363	366	3
363	367	81
363	368	204
363	369	23
363	370	3
363	371	27
363	372	10
363	373	40
363	374	9
363	375	1
363	376	69
363	38	248
363	380	2
363	381	1
363	382	7
363	39	2
363	40	8
363	41	2
363	42	1
363	43	3
363	44	13
363	49	3
363	496	2
363	538	2
363	540	2
363	559	2
363	596	1
363	60	4
363	65	14
363	70	10
363	71	1
363	74	5
363	97	3
363	98	2
363	99	3
364	365	293
364	366	50
364	367	69
364	368	38
364	369	16
364	370	74
364	371	339
364	372	303
364	373	325
364	374	65
364	375	11
364	376	71
364	38	50
364	380	29
364	381	23
364	382	111
364	39	2
364	40	3
364	41	5
364	43	6
364	44	19
364	45	1
364	451	4
364	49	10
364	496	50
364	534	1
364	537	9
364	538	8
364	539	4
364	540	6
364	596	11
364	60	14
364	642	2
364	65	35
364	68	2
364	70	52
364	71	3
364	74	13
364	97	35
364	98	167
364	99	59
365	366	11
365	367	32
365	368	152
365	369	71
365	370	12
365	371	93
365	372	80
365	373	75
365	374	72
365	375	12
365	376	398
365	38	32
365	380	37
365	381	44
365	382	37
365	39	2
365	40	3
365	41	4
365	42	1
365	43	5
365	44	29
365	45	1
365	451	10
365	49	6
365	496	47
365	537	3
365	538	3
365	539	1
365	540	2
365	596	10
365	60	18
365	642	8
365	65	209
365	68	2
365	70	100
365	71	53
365	74	24
365	97	19
365	98	23
365	99	40
366	367	181
366	368	8
366	369	8
366	370	567
366	371	194
366	372	2
366	373	25
366	374	4
366	376	4
366	38	8
366	380	4
366	381	3
366	382	4
366	39	3
366	40	4
366	41	1
366	42	1
366	43	6
366	44	7
366	45	2
366	451	3
366	46	4
366	49	13
366	496	277
366	534	1
366	537	2
366	538	2
366	539	4
366	540	2
366	559	4
366	573	1
366	596	3
366	60	28
366	642	5
366	65	3
366	68	5
366	70	11
366	71	3
366	74	2
366	97	12
366	98	5
366	99	9
367	368	50
367	370	442
367	371	177
367	372	42
367	373	30
367	374	5
367	375	1
367	376	8
367	38	18
367	380	3
367	381	9
367	382	1
367	41	1
367	43	1
367	49	3
367	496	165
367	534	1
367	537	2
367	538	1
367	539	3
367	540	1
367	60	5
367	642	8
367	65	1
367	70	2
367	74	7
367	97	3
367	98	10
367	99	6
368	369	82
368	370	3
368	371	23
368	372	20
368	373	165
368	374	166
368	375	7
368	376	53
368	38	127
368	380	16
368	381	11
368	382	7
368	39	3
368	40	6
368	41	7
368	42	3
368	43	12
368	44	22
368	45	2
368	451	8
368	46	5
368	49	2
368	496	2
368	537	24
368	538	7
368	539	7
368	540	10
368	559	1
368	596	3
368	60	5
368	642	1
368	65	12
368	68	1
368	70	6
368	71	2
368	74	5
368	97	3
368	98	24
368	99	6
369	371	5
369	372	4
369	373	7
369	374	3
369	376	19
369	38	17
369	380	1
369	382	1
369	44	3
369	46	1
369	49	1
369	496	1
369	596	1
369	60	2
369	65	7
369	70	2
369	74	1
369	97	1
369	98	9
369	99	2
370	371	581
370	372	9
370	373	130
370	374	14
370	375	1
370	376	5
370	38	6
370	380	3
370	382	18
370	41	1
370	43	1
370	44	4
370	49	9
370	496	426
370	534	1
370	537	9
370	538	1
370	539	10
370	540	1
370	596	1
370	60	8
370	642	1
370	65	5
370	68	1
370	70	18
370	71	1
370	74	2
370	97	11
370	98	6
370	99	19
371	372	384
371	373	367
371	374	120
371	375	19
371	376	86
371	38	71
371	380	80
371	381	10
371	382	357
371	39	6
371	40	8
371	41	12
371	42	2
371	43	4
371	44	32
371	45	2
371	451	9
371	46	1
371	49	27
371	496	171
371	534	5
371	537	17
371	538	2
371	539	11
371	540	16
371	596	63
371	60	41
371	642	28
371	65	94
371	68	5
371	70	175
371	71	9
371	74	48
371	97	34
371	98	83
371	99	110
372	373	114
372	374	99
372	375	11
372	376	190
372	38	22
372	380	51
372	381	6
372	382	115
372	39	7
372	40	9
372	41	16
372	42	3
372	43	5
372	44	33
372	45	2
372	451	18
372	46	2
372	49	8
372	496	9
372	534	2
372	537	9
372	538	1
372	539	4
372	540	7
372	596	35
372	60	15
372	642	15
372	65	33
372	68	3
372	70	48
372	71	4
372	74	23
372	97	12
372	98	105
372	99	103
373	374	1068
373	375	6
373	376	34
373	38	58
373	380	10
373	381	2
373	382	78
373	39	3
373	40	7
373	41	5
373	42	1
373	43	7
373	44	15
373	45	1
373	451	2
373	49	10
373	496	22
373	534	27
373	537	95
373	538	3
373	539	27
373	540	59
373	596	11
373	60	12
373	642	2
373	65	26
373	68	3
373	70	30
373	71	3
373	74	11
373	97	21
373	98	67
373	99	57
374	375	5
374	376	26
374	38	23
374	380	4
374	381	2
374	382	15
374	39	4
374	40	7
374	41	5
374	42	1
374	43	5
374	44	7
374	45	3
374	451	2
374	46	1
374	49	5
374	496	4
374	534	1
374	537	66
374	538	1
374	539	18
374	540	41
374	596	6
374	60	2
374	642	3
374	65	6
374	68	2
374	70	6
374	71	1
374	74	6
374	97	16
374	98	79
374	99	98
375	376	82
375	38	1
375	380	2
375	381	8
375	382	2
375	39	3
375	40	3
375	41	1
375	42	3
375	43	1
375	44	4
375	45	27
375	451	123
375	49	3
375	496	1
375	534	1
375	537	1
375	539	1
375	540	1
375	596	165
375	642	2
375	65	12
375	68	1
375	70	12
375	71	13
375	74	12
375	97	1
375	98	5
375	99	17
376	38	28
376	380	28
376	381	3
376	382	20
376	39	24
376	40	13
376	41	195
376	42	231
376	43	208
376	44	59
376	45	4
376	451	21
376	46	7
376	49	4
376	496	28
376	534	1
376	537	2
376	539	2
376	540	1
376	596	30
376	60	12
376	642	20
376	65	370
376	68	6
376	70	199
376	71	148
376	74	27
376	97	28
376	98	30
376	99	90
38	380	7
38	381	4
38	382	14
38	39	26
38	40	18
38	41	10
38	42	3
38	43	51
38	44	69
38	45	12
38	451	3
38	46	6
38	49	10
38	496	3
38	534	46
38	537	2
38	538	2
38	539	2
38	540	4
38	552	21
38	559	1
38	573	1
38	596	2
38	60	10
38	642	1
38	65	65
38	68	1
38	70	23
38	71	3
38	74	14
38	97	7
38	98	8
38	99	7
380	381	534
380	382	1284
380	41	1
380	44	10
380	45	1
380	451	17
380	46	1
380	49	15
380	496	140
380	534	1
380	537	3
380	538	3
380	539	10
380	540	4
380	596	6
380	60	196
380	642	3
380	65	20
380	70	18
380	71	1
380	74	3
380	97	9
380	98	25
380	99	24
381	382	230
381	44	2
381	451	2
381	46	2
381	49	3
381	496	76
381	537	8
381	538	9
381	539	2
381	540	13
381	559	1
381	596	3
381	60	28
381	642	1
381	65	3
381	68	1
381	70	2
381	71	1
381	74	1
381	97	11
381	98	28
381	99	12
382	39	1
382	40	1
382	41	3
382	43	1
382	44	17
382	45	1
382	451	2
382	49	29
382	496	50
382	534	3
382	537	24
382	538	2
382	539	12
382	540	14
382	596	22
382	60	219
382	642	5
382	65	53
382	68	3
382	70	87
382	71	3
382	74	10
382	97	25
382	98	98
382	99	59
39	40	725
39	41	367
39	42	78
39	43	143
39	44	33
39	45	24
39	451	4
39	46	19
39	49	21
39	496	2
39	534	110
39	537	1
39	539	1
39	559	3
39	596	3
39	60	2
39	65	21
39	68	3
39	70	4
39	71	13
39	74	189
39	97	3
39	98	2
39	99	3
40	41	24
40	42	5
40	43	23
40	44	11
40	45	9
40	451	1
40	46	5
40	49	24
40	496	1
40	534	10
40	539	1
40	552	1
40	596	1
40	60	3
40	65	17
40	68	1
40	70	3
40	71	3
40	74	48
40	97	1
40	98	2
40	99	2
41	42	907
41	43	1134
41	44	25
41	45	29
41	451	8
41	46	11
41	49	4
41	496	1
41	534	3
41	559	3
41	596	3
41	60	2
41	642	3
41	65	24
41	68	2
41	70	10
41	71	13
41	74	6
41	97	2
41	98	2
41	99	5
42	43	453
42	44	78
42	45	83
42	451	48
42	46	12
42	49	3
42	534	1
42	60	1
42	642	1
42	65	12
42	70	1
42	71	1
42	74	2
42	97	1
43	44	6
43	45	5
43	451	1
43	46	5
43	49	4
43	496	7
43	534	4
43	538	1
43	539	1
43	540	1
43	559	2
43	596	1
43	60	2
43	642	1
43	65	13
43	68	1
43	70	8
43	71	2
43	74	2
43	97	3
43	98	4
43	99	3
44	45	103
44	451	30
44	46	431
44	49	17
44	496	1
44	534	4
44	537	3
44	538	1
44	539	2
44	540	1
44	552	1
44	559	1
44	573	1
44	596	12
44	60	49
44	642	3
44	65	101
44	68	6
44	70	23
44	71	11
44	74	44
44	97	6
44	98	17
44	99	12
45	451	37
45	46	483
45	49	38
45	534	12
45	537	1
45	539	1
45	540	1
45	552	36
45	559	3
45	573	2
45	596	2
45	60	4
45	642	3
45	65	7
45	68	7
45	70	8
45	71	5
45	74	5
45	97	3
45	98	2
45	99	5
451	46	10
451	49	5
451	496	1
451	534	1
451	538	1
451	540	11
451	552	1
451	596	12
451	60	4
451	642	2
451	65	10
451	68	2
451	70	5
451	71	9
451	74	22
451	97	4
451	98	3
451	99	4
46	49	14
46	496	1
46	534	3
46	539	1
46	552	11
46	559	1
46	596	2
46	60	1
46	642	2
46	65	7
46	68	4
46	70	4
46	71	16
46	74	47
46	97	2
46	98	1
46	99	3
49	496	22
49	534	11
49	537	2
49	538	2
49	539	3
49	540	2
49	552	1
49	559	3
49	573	1
49	596	4
49	60	93
49	642	5
49	65	31
49	68	52
49	70	34
49	71	57
49	74	7
49	97	130
49	98	82
49	99	17
496	534	2
496	537	11
496	538	28
496	539	11
496	540	7
496	596	7
496	60	35
496	642	7
496	65	120
496	68	46
496	70	291
496	71	44
496	74	5
496	97	124
496	98	138
496	99	336
534	537	47
534	539	8
534	540	1
534	552	1
534	559	1
534	596	2
534	60	1
534	642	1
534	65	97
534	68	3
534	70	62
534	71	10
534	74	8
534	97	5
534	98	5
534	99	32
537	538	171
537	539	64
537	540	52
537	559	1
537	573	1
537	596	24
537	60	3
537	642	5
537	65	9
537	68	2
537	70	7
537	71	5
537	74	1
537	97	6
537	98	54
537	99	50
538	539	130
538	540	24
538	559	2
538	573	2
538	596	1
538	60	2
538	642	3
538	65	1
538	68	3
538	70	1
538	71	1
538	74	1
538	97	13
538	98	46
538	99	20
539	540	30
539	596	17
539	60	1
539	642	2
539	65	6
539	68	1
539	70	10
539	71	4
539	74	1
539	97	12
539	98	46
539	99	86
540	559	3
540	596	18
540	60	2
540	642	12
540	65	1
540	68	3
540	70	3
540	71	2
540	74	1
540	97	5
540	98	15
540	99	28
552	559	19
552	573	61
552	65	1
552	68	3
552	71	4
552	97	1
559	573	2
559	60	11
559	65	3
559	68	118
559	70	6
559	71	178
559	74	5
559	97	70
559	98	1
559	99	2
573	60	1
573	68	5
596	60	6
596	642	25
596	65	16
596	68	5
596	70	35
596	71	16
596	74	4
596	97	17
596	98	16
596	99	72
60	642	451
60	65	29
60	68	17
60	70	45
60	71	9
60	74	6
60	97	131
60	98	25
60	99	10
642	65	1
642	70	6
642	71	1
642	74	5
642	97	12
642	98	8
642	99	14
65	68	43
65	70	874
65	71	640
65	74	39
65	97	128
65	98	146
65	99	296
68	70	82
68	71	437
68	74	17
68	97	110
68	98	42
68	99	24
70	71	397
70	74	20
70	97	325
70	98	310
70	99	817
71	74	339
71	97	148
71	98	75
71	99	135
74	97	17
74	98	5
74	99	5
97	98	471
97	99	572
98	99	452
